gene	intercept	intercept_err	x_coeff	x_coeff_err	x_pval	x_adj_pval	adj.r.sq	reg_pval	reg_adj_pval	deltaEx	deltaEx_err	deltaEx_95_CI_lo	deltaEx_95_CI_hi	region
ABCB7	1083.51846701493	35.2756039253275	-22.5184159982402	42.5032405730525	0.59925076809451	0.876112708576431	0.125640208258669	0.0781404022047057	0.118848725545381	-0.020782678545644	0.0392328917856435	-0.0976791464455053	0.0561137893542174	NPX
ABCD1	937.778761227045	74.3961785920089	159.690146888483	95.5659523231399	0.10272983326674	0.40074806244649	0.0423039910835251	0.266682391015064	0.332509057151694	0.170285523079596	0.102798227163526	-0.0311990021609136	0.371770048320107	NPX
ACOT9	3438.11904622826	130.47768372201	91.6649808303728	167.973331436096	0.588372273733591	0.874662531045827	0.00248549070025383	0.427584637283768	0.498427062395872	0.0266613748965245	0.0488666469270702	-0.0691172530805331	0.122440002873582	NPX
ACSL4	11372.0494050741	549.944072865839	-324.777000708286	652.137472356917	0.621267330297232	0.883679884971514	0.167652802074565	0.0376274699346856	0.0629950032939311	-0.028559232301908	0.0573622705931603	-0.140989282664502	0.0838708180606862	NPX
AFF2	1177.6712081817	123.645930168228	-175.824183783519	128.865225540492	0.18026236110315	0.554339662875568	0.3452596218734	0.000744756448550781	0.00231050425770872	-0.149298193385391	0.110540809641277	-0.365958180282294	0.0673617935115113	NPX
AIFM1	2232.41444253909	89.057571967799	-13.83541101568	113.525856396638	0.903627674651567	0.951103532322138	0.0204703413895555	0.348959724421274	0.423878837564191	-0.00619751008237698	0.0508539973192327	-0.105871344828073	0.0934763246633192	NPX
AKAP17A	1539.77029382489	175.898019241494	892.190757550621	118.554296394524	4.11286160281224e-09	1.80051941278669e-07	0.78273499669793	1.07447623192117e-12	4.23343635376939e-11	0.579431075614765	0.101536226128957	0.38042007240201	0.77844207882752	PAR1
ALG13	1378.68917339127	60.5747491949177	140.72141497618	61.9347202963351	0.0286742174941527	0.163803197334453	0.414917019476415	0.00010495710922494	0.000464641584658722	0.102068992556195	0.0451461896715034	0.013582460800048	0.190555524312341	NPX
AMER1	432.603816800906	23.5114641948731	34.6500189231653	23.5788347800421	0.149708051720862	0.499872647271353	0.463182162269368	2.26971701874556e-05	0.000118106758039406	0.0800964244361071	0.0546780148228612	-0.0270724846167009	0.187265333488915	NPX
AMMECR1	2187.64138487858	103.341903647853	-333.774467639248	109.173481246678	0.00402156978577614	0.0344456194694739	0.362103153412901	0.000475300766687211	0.00161438363857553	-0.1525727525299	0.0504224211625684	-0.251400698008534	-0.0537448070512662	NPX
AMOT	1149.94818750928	150.095202479482	49.2495326048708	174.855235724243	0.779694246239487	0.930907675813205	0.203398482290978	0.0190798771794051	0.0351283720032039	0.0428276100956709	0.152157600074141	-0.255401286049645	0.341056506240987	NPX
AP1S2	3271.54577903161	463.604445035315	575.710675558804	615.19205508002	0.355123392174745	0.721229982045616	0.0713070914146774	0.180133011995492	0.23977164434535	0.175975124434669	0.189689528838614	-0.195816352089013	0.547766600958352	NPX
APEX2	1155.35203296482	71.1528067556327	8.0605303167658	81.5603487766661	0.921780252823439	0.954197643350925	0.213930782343483	0.0154624239105527	0.0297180244915012	0.00697668769931633	0.0705948119008907	-0.13138914362643	0.145342519025062	NPX
APOO	551.60187028009	27.6345273008017	-5.22105330575588	36.6171382304286	0.887352077758935	0.94627890080524	-0.0443988094496619	0.665697055079279	0.708877404597935	-0.0094652567133334	0.0663849678960656	-0.139579793789622	0.120649280362955	NPX
APOOL	1687.88958993525	119.47296096745	-44.968168684961	75.5378677406012	0.555077632291967	0.870136976454189	0.761909682402477	6.13781803671581e-12	1.74756200198093e-10	-0.0266416529571025	0.044792561648253	-0.114435073787678	0.0611517678734735	NPX
AR	1037.81768985102	138.585564346225	-113.364048855915	120.973328054668	0.354474535332113	0.721229982045616	0.541815474034533	1.2879989246636e-06	9.75906877533571e-06	-0.109233105163382	0.117474209115808	-0.339482555030366	0.121016344703602	NPX
ARAF	2860.94208902009	94.4961288572773	-29.1613491976971	102.066899015451	0.776613677609298	0.930047990814783	0.29696190838156	0.0024928802532685	0.00625601796043177	-0.0101929183780456	0.0356775637151994	-0.0801209432598364	0.0597351065037452	NPX
ARHGEF6	1791.19178713984	156.892265625679	232.995108712745	206.0527597691	0.265064340127805	0.632941515214274	0.0249176590723509	0.330997574274278	0.403755554997106	0.130078258724483	0.115599542397355	-0.0964968443743338	0.356653361823299	NPX
ARHGEF9	1214.36123909229	36.6958000501986	-22.2328650537237	41.0663443996785	0.591319035819811	0.874662531045827	0.358991980440429	0.000516995915215169	0.00172624059826082	-0.0183082795613127	0.0338217642883231	-0.0845989375664261	0.0479823784438006	NPX
ARMCX1	2893.31622710569	112.261853744238	141.89103836738	124.95523107923	0.263081643286675	0.632941515214274	0.29044994941634	0.00290876652270857	0.00707440746880974	0.0490409714078574	0.0432294450212337	-0.0356887408337606	0.133770683649475	NPX
ARMCX2	6705.85793949266	253.162491145736	376.52285340622	313.446857791693	0.236905181141704	0.618149942846565	0.0819600316428114	0.154469544516792	0.214299297674705	0.0561483492199816	0.0467902852692548	-0.0355606099077579	0.147857308347721	NPX
ARMCX3	6048.79568464067	462.121648852697	499.749133623118	571.890187684773	0.387546528144738	0.75966831885088	0.0779179330337565	0.163842735666582	0.224145964766088	0.0826196088738953	0.094756591241182	-0.103103309958821	0.268342527706612	NPX
ARMCX4	793.930921750766	50.3305746000832	79.5720531166667	62.1731568827941	0.208160511504113	0.59498827991662	0.0840609958522153	0.149768939028825	0.209536277445503	0.100225411224941	0.0785678673435719	-0.0537676087684603	0.254218431218342	NPX
ARMCX5	668.634771960543	14.7615731159228	-17.9054206439588	17.9344546011016	0.32424908284654	0.698110047221512	0.163261998568592	0.0407523835643361	0.0671817536583616	-0.026779074907303	0.0268290123842692	-0.0793639391804705	0.0258057893658646	NPX
ARMCX6	1886.19634404059	58.9218818855893	-34.4858547306057	76.4661794481886	0.654490929001151	0.907990936712865	0.051982881678872	0.234969761128281	0.30155728301154	-0.0182832793836989	0.0405439062161255	-0.0977493355673049	0.061182776799907	NPX
ARSD	1165.60584685431	116.467680022602	259.348979856721	152.587503223175	0.0971561490297079	0.390607374670458	0.0598633952787324	0.2112707262769	0.274721670472273	0.222501440393974	0.132782786106957	-0.0377528203756625	0.48275570116361	NPX
ASMTL	1713.90407435296	117.784139037593	627.135876375926	156.814887367363	0.000274503898021334	0.00405322157081695	0.329354836840638	0.00112287071016714	0.00320587724496994	0.365910721469452	0.0948883928647923	0.17992947145446	0.551891971484445	PAR1
ATG4A	916.283319063502	39.2776292023041	-26.3244994935112	44.5968467666546	0.558409893472279	0.870136976454189	0.315186392315531	0.00160157252928381	0.00435185914853671	-0.0287296504758119	0.0486870380593761	-0.124156245072189	0.0666969441205653	NPX
ATP11C	5813.52510128046	242.707485667777	-193.44359534286	298.771745586584	0.521125740073112	0.857213676197125	0.1147636696112	0.0932949123305878	0.137157445739745	-0.0332747501684051	0.0514112988461654	-0.134040895906889	0.067491395570079	NPX
ATP6AP1	5591.29584397758	279.708835513126	69.5106597864319	369.588678333543	0.851792481037153	0.942768333854891	-0.0470303013582936	0.679636455212414	0.719830009015299	0.0124319409535988	0.0661036451502806	-0.117131203540951	0.141995085448149	NPX
ATP6AP2	15411.0203364063	1070.12787125795	-852.687479211618	1237.32907539064	0.494817771375911	0.840337077250469	0.214184632424475	0.0153833941860466	0.0297110652416783	-0.0553297225361041	0.0803804629862293	-0.212875429989113	0.102215984916905	NPX
ATP7A	1671.48984857413	78.0238679964211	35.9489640063934	76.5107454790332	0.64107525351049	0.898874198872359	0.454757877448188	2.99908180304277e-05	0.000151492080820366	0.0215071386984849	0.0457849896301626	-0.0682314409766338	0.111245718373604	NPX
ATRX	7195.30289698964	337.305683924352	-262.39333007131	379.324947323805	0.493199900746241	0.840337077250469	0.287222169010524	0.0031376546790656	0.00749233905182938	-0.0364673084410512	0.0527461235262172	-0.139849710552437	0.0669150936703345	NPX
BCAP31	6781.60647288584	369.620341827868	193.535002208961	436.907640820078	0.660238114577075	0.912750235590763	0.164746249575492	0.0396715616627261	0.0656747701475382	0.0285382236469709	0.0644441635594989	-0.097772336929647	0.154848784223589	NPX
BCOR	2872.78291656162	136.659363882018	30.7676648299289	158.648484325769	0.847232555136121	0.942768333854891	0.199494079293415	0.0206019747582705	0.0371135399537206	0.010710055623261	0.0552270186187836	-0.0975349008695548	0.118955012116077	NPX
BCORL1	888.142694873908	62.6358650864286	84.6941885119172	72.6687481414963	0.250902385280841	0.632941515214274	0.204028664703238	0.0188438485874607	0.0350211148276393	0.0953610146215766	0.0820969558246203	-0.0655490187946792	0.256271048037833	NPX
BEX1	-1054.57228486669	473.812145552398	2831.44345169594	592.326481657426	2.49956899610605e-05	0.000518331676034623	0.372667467871785	0.000355849588630013	0.00128461823249409	-2.68492116882616	1.3306684728169	-5.29303137554728	-0.0768109621050344	NPX
BEX4	628.694826787398	77.2272647239429	-98.046094180398	103.691820317424	0.350198469329977	0.721229982045616	-0.0628172566826377	0.761771749566549	0.798239546088351	-0.155951806827184	0.166040673672804	-0.48139152722588	0.169487913571513	NPX
BGN	89618.7743276745	6051.96112643797	-17056.1201808858	7805.97061214075	0.0349609234706911	0.183661384632697	0.0629246033223749	0.202566995806108	0.264276146846379	-0.190318605770296	0.0880450487741566	-0.362886901367642	-0.0177503101729486	NPX
BHLHB9	480.519165627595	17.4745874721719	27.8502962926458	22.3231410355856	0.219617997161711	0.61567169021239	0.0828051386391038	0.152564804987768	0.212404710831027	0.0579587626984061	0.0465040864509254	-0.0331892467454076	0.14910677214222	NPX
BRCC3	2327.6598018847	83.4195358722015	-34.2779296573626	100.881924508689	0.735843379368844	0.916363312601666	0.159100127392714	0.0439214159241036	0.0712141476300281	-0.0147263485968216	0.043343706764201	-0.0996800138546556	0.0702273166610125	NPX
BRWD3	1172.3525048355	62.7897714166092	-84.9513650261052	82.6586382716277	0.31040568027347	0.683239318590766	-0.0301538757946547	0.590310294695872	0.649671106452999	-0.0724623052159768	0.07061337451733	-0.210864519269944	0.0659399088379901	NPX
C1GALT1C1	1947.65897954636	114.070852278455	-115.313679199873	135.029363504407	0.398325984724331	0.772689200450407	0.224516201237171	0.0124588384295754	0.0250857776219474	-0.0592062986440938	0.0694157233815993	-0.195261116472028	0.0768485191838409	NPX
CA5B	601.077277894665	54.1425486777892	208.145391754775	60.7384091217954	0.00145246072559001	0.015059724365328	0.302893102148293	0.00216231154192968	0.00554748686780122	0.346287240276034	0.105753957497854	0.13900948358024	0.553564996971829	NPX
CASK	3676.71243547911	162.687724904752	-283.519568885	189.341949732918	0.1423411139631	0.479336742747532	0.198436059136763	0.0210326528920949	0.0376675692703882	-0.0771122501039586	0.0516105356925	-0.178268900061259	0.0240443998533414	NPX
CCDC120	159.545300981817	16.3299621722717	5.98869458366527	16.9631746423321	0.725958886663829	0.916363312601666	0.350189323732536	0.000654033853455897	0.0020950352704197	0.0375360135761552	0.10639138578647	-0.170991102565325	0.246063129717636	NPX
CCDC22	680.352838414449	41.4439699842365	61.1946256489618	52.7632270398005	0.253182831169242	0.632941515214274	0.077197247683731	0.16556017105423	0.225711790295386	0.0899454256582141	0.0777460459575081	-0.0624368244185018	0.24232767573493	NPX
CD99	30324.5148957012	2630.07473555448	13345.8370439936	3340.41092559916	0.000277758838609283	0.00405322157081695	0.302778318127781	0.00216830704985124	0.00554748686780122	0.440100594845312	0.116581308690298	0.211601229812328	0.668599959878296	PAR1
CD99L2	6233.99476131276	384.362654552797	312.619964351288	514.633758785811	0.547065939228919	0.870136976454189	-0.0715276440089048	0.804906444906409	0.841201960989721	0.0501476142218406	0.0826106867796141	-0.111769331866203	0.212064560309884	NPX
CDK16	7674.90086119345	402.494412824345	1397.83734150318	361.015847532652	0.000400782012558605	0.0056395754624318	0.633808679106992	2.04943059096246e-08	2.18236662929516e-07	0.182130996449876	0.0479984547087197	0.0880540252207858	0.276207967678967	NPX
CDKL5	1494.59463570535	80.6772835300125	-54.9844136530746	85.1353429318435	0.522160614942411	0.857213676197125	0.336423352935859	0.000937067298461242	0.00277597380145661	-0.0367888471827182	0.0569967678482651	-0.148502512165318	0.0749248177998813	NPX
CDR1	210.979956598606	21.7845927237238	-57.7315886749144	20.1607428236374	0.00670934071047431	0.0550725049984766	0.502018324896313	5.86627530047443e-06	3.72792333610795e-05	-0.273635418291179	0.0996471263694583	-0.468943785975317	-0.0783270506070404	NPX
CENPI	1015.78683820094	149.635015090055	33.0278214417217	206.350513660522	0.873662392458705	0.9437442155259	-0.145950427116844	0.999582560975097	0.999582560975097	0.0325145199756843	0.203199977416991	-0.365757435761617	0.430786475712986	NPX
CETN2	3741.72151296277	170.307150321036	-57.8274051884416	149.308925214749	0.700639430377686	0.916363312601666	0.571655924236134	3.74273852147627e-07	3.27697550547034e-06	-0.0154547592566964	0.0399100045725922	-0.0936783682189772	0.0627688497055843	NPX
CHIC1	730.089853584832	37.8367298682978	-33.86111291788	39.8459318068101	0.400622585215338	0.772689200450407	0.37205713914362	0.000361910212707727	0.00128461823249409	-0.0463793774856859	0.0546296530456784	-0.153453497455216	0.0606947424838438	NPX
CHM	2852.5901692952	84.9631007648752	246.054458985091	94.8059663261464	0.0132500932249567	0.091153169610786	0.382201816912208	0.000272597573497835	0.00103272542267449	0.0862565052749534	0.0333341961379514	0.0209214808445687	0.151591529705338	NPX
CHST7	347.979375863815	54.2439300348221	20.9559744113436	55.6754872063671	0.708663288521169	0.916363312601666	0.366066768180162	0.000426693468133816	0.00147471251267301	0.0602218863095638	0.160271677452337	-0.253910601497017	0.374354374116144	NPX
CLCN5	650.630465509346	40.3937930849762	-59.3307137130061	49.0925065979334	0.234112873849041	0.618149942846565	0.152778343396956	0.0491457526319876	0.0790343940285841	-0.0911895720507939	0.0756658419226885	-0.239494622219263	0.0571154781176755	NPX
CMC4	630.364222618041	25.746518712027	6.45121727757826	29.3955892712157	0.827434725562406	0.942768333854891	0.214492854534607	0.015287924191694	0.0296721287267361	0.0102341107666056	0.0466345790659626	-0.0811696642026811	0.101637885735892	NPX
COX7B	2263.82148276035	112.420722465812	21.0109867564892	78.6703474012891	0.790817652421772	0.93628613327922	0.716549609402085	1.67303310955326e-10	2.86597845723471e-09	0.00928120300849421	0.0347541831214756	-0.0588369959095979	0.0773994019265863	NPX
CSTF2	1275.91625580581	92.7073560134209	-22.910262535931	120.448946818358	0.850133346569513	0.942768333854891	-0.0173899573403993	0.524276902597814	0.586832669385054	-0.0179559296557923	0.0944109370207986	-0.203001366216558	0.167089506904973	NPX
CTPS2	1193.95050394918	74.0843703188251	135.697865294182	82.7866232665678	0.109229964679903	0.421927510626294	0.303085148509285	0.00215231443498355	0.00554748686780122	0.113654514860825	0.069696114895254	-0.0229498703338732	0.250258900055522	NPX
CUL4B	9523.18806971168	592.890329007696	478.429654515355	768.36984695276	0.537134999682213	0.868207497988808	-0.0114994076539816	0.494705909882101	0.563335631484242	0.0502383919138373	0.0807446990394994	-0.108021218203582	0.208498002031256	NPX
CXorf23	646.592631300246	44.0530442548485	42.5463839635229	57.4037502232507	0.463025433402367	0.807221330798816	0.000437126014203315	0.43711378795627	0.505052294588769	0.0658009106567848	0.0888919696464095	-0.108427349850178	0.240029171163747	NPX
CXorf38	1267.20964182874	47.7995276844844	249.495208903739	50.4239799781673	1.47580681098417e-05	0.00032303771307098	0.411963020509397	0.000114705345513628	0.000485955979917951	0.196885503920003	0.0404784569625344	0.117547728273436	0.276223279566571	NPX
CXorf40A	563.131555915312	16.8143494630476	-18.8331700082458	19.7592423299308	0.346393501253456	0.721229982045616	0.268452493173704	0.00482833091900823	0.0109963143473367	-0.0334436417395123	0.035102352708906	-0.102244253048968	0.0353569695699434	NPX
CXorf40B	1048.26314903849	42.4062968537227	52.1205395253649	49.3029807825517	0.296948606724055	0.667495347886367	0.189028215673522	0.0252290960427913	0.0443761778609811	0.0497208545136514	0.0470760090196931	-0.042548123164947	0.14198983219225	NPX
CXorf56	961.148859815306	31.7054307564533	4.15928042819256	30.1190218093486	0.890876049520196	0.94627890080524	0.552537849548319	8.34831853858896e-07	6.99837766851926e-06	0.00432740504836244	0.0313368049093003	-0.0570927325738662	0.065747542670591	NPX
CXorf57	229.612721882486	23.7099729786486	-36.2914698067303	29.50808847315	0.22610901767314	0.618149942846565	0.136909952175108	0.0646920859432135	0.101896704320293	-0.15805513522593	0.129544646953722	-0.411962643255225	0.0958523728033645	NPX
DDX26B	252.539603404435	15.6140235547789	-41.8898312723643	19.092145684675	0.034252800976788	0.183661384632697	0.208515606686239	0.017237346275018	0.0327373192380032	-0.165874305287789	0.0762930519412155	-0.315408687092571	-0.0163399234830064	NPX
DDX3X	22095.8626667422	717.066506669521	3548.14301295573	643.913573827336	2.47766930610024e-06	6.97286933288209e-05	0.747580107488666	1.86255172319086e-11	4.5865336183575e-10	0.160579519635422	0.0296040906258312	0.102555502008793	0.218603537262052	NPX
DHRSX	1069.18385332649	53.6139597745726	637.349178238244	70.7923843850816	4.58966177066657e-11	3.01387789607105e-09	0.736107810642677	4.32602175103197e-11	9.46918094392554e-10	0.596108121400542	0.072646339843906	0.453721295306487	0.738494947494598	PAR1
DIAPH2	2158.15183304532	83.4015711474146	-28.7023439774897	87.8230202705382	0.745551442324927	0.917960213362566	0.332671986020916	0.00103180889766956	0.00298921107118976	-0.0132995017023378	0.0406968699820128	-0.0930653668670829	0.0664663634624073	NPX
DKC1	4582.53739692987	248.253571233494	-219.821489798008	339.916420770702	0.521618822571858	0.857213676197125	-0.105103558991757	0.939758356014832	0.956756569172723	-0.0479693826274675	0.0742219710822129	-0.193444445948605	0.0975056806936698	NPX
DLG3	645.12872906679	30.9883005363671	15.2041787625592	40.8925182274632	0.712048137359685	0.916363312601666	-0.00255123291195458	0.45121026765295	0.517130142487799	0.0235676665408356	0.0633967105710147	-0.100689886178353	0.147825219260024	NPX
DMD	500.166421580348	53.468507943788	-73.7088952831535	69.0021776149406	0.291992906854713	0.665001186709577	0.0646268168198255	0.197846726324045	0.259838700572246	-0.147368739889134	0.138855019929285	-0.419524578950532	0.124787099172263	NPX
DNASE1L1	963.203258039112	162.990692499858	26.3488621080085	196.923080736654	0.894246591195847	0.94627890080524	0.130561041059129	0.072001604436221	0.110814969327621	0.0273554536782294	0.204498426315055	-0.373461461899279	0.428172369255738	NPX
DOCK11	2090.89572736852	127.709072909031	178.215774059842	158.580485592885	0.267959878799554	0.636001158114604	0.0852572479265078	0.147143991443826	0.207052616531669	0.0852341758257521	0.0760217887010104	-0.0637685300282283	0.234236881679733	NPX
DYNLT3	3038.07865553113	192.875735761123	-48.8993447129564	201.724208653558	0.809735152238257	0.941108112040924	0.350654202299926	0.000646028815169175	0.00208635535390701	-0.0160954834477146	0.066406475230999	-0.146252174900473	0.114061208005043	NPX
EBP	967.079509557688	97.6739581333983	26.6665473000995	121.476009543493	0.827389079011107	0.942768333854891	0.0736941019706481	0.174111180303661	0.235738161648256	0.0275743070104918	0.125642061156008	-0.218684132855285	0.273832746876268	NPX
EDA2R	1319.72490351138	95.3824020176215	-96.4248593880179	118.908381010317	0.422334462643182	0.781219616344666	0.068254875656498	0.188067473849999	0.248652968781542	-0.0730643629831193	0.0902554986282051	-0.249965140294401	0.103836414328163	NPX
EFNB1	1042.91492256489	79.6917623441509	337.567491300788	108.588866257029	0.00350166726119952	0.0306590422425024	0.257561110519613	0.00615550139192654	0.0133256458704344	0.323676921287684	0.107017788060166	0.113922056689758	0.53343178588561	NPX
EIF1AX	10423.2214378058	938.348556678041	4224.15539266523	1206.45794653792	0.00117630833327138	0.0140444085851189	0.348079814685005	0.000691525308284143	0.00219726589890284	0.405263902131439	0.121360890799127	0.167396556165151	0.643131248097728	NPX
EIF2S3	12070.3124018277	1105.94855367022	1864.61854673794	833.533003148791	0.0310743869210989	0.174904406384471	0.700231899408526	4.81005531353428e-10	7.0191177538241e-09	0.154479725516931	0.0704921125822939	0.0163151848556345	0.292644266178227	NPX
ELF4	3269.50504412947	116.817066261229	83.2657605508914	103.880109376589	0.427666572488346	0.78126632449654	0.546849663553066	1.05223489452034e-06	8.46082751920438e-06	0.0254673901483646	0.0317854538140132	-0.0368320993271012	0.0877668796238304	NPX
ELK1	3041.41155213814	95.8599371808052	251.554910102131	112.900491606426	0.0317106236647254	0.17597162991411	0.405596337518874	0.000138652459566488	0.00056318627906388	0.082709921294698	0.0372125060026268	0.0097734095295494	0.155646433059847	NPX
EMD	3684.06318320939	138.409344092617	255.747374216707	170.092943083335	0.140746532582731	0.479336742747532	0.148286837521191	0.0531777392653162	0.0848339302888047	0.0694199207500864	0.0462435364253409	-0.0212174106435818	0.160057252143755	NPX
ENOX2	1375.20265751356	48.2642023022847	-31.441399487278	62.1250595385698	0.615636529372573	0.880534333875316	0.00557550253996442	0.413421691808038	0.486233273350349	-0.0228631026238168	0.0451823288549746	-0.111420467179567	0.0656942619319335	NPX
ERCC6L	1076.08218208684	164.388541308018	-16.8342126316331	225.461550676272	0.940862488346232	0.965364115646915	-0.131411594208695	0.991957249896793	0.994481314145894	-0.0156439841787796	0.209534383852343	-0.426331376529373	0.395043408171813	NPX
F8	576.407360679833	38.5644613563039	-101.783349070514	50.6229038093966	0.0513163675000407	0.240698199940667	0.0720078600420789	0.178348572879222	0.238220549950969	-0.176582320098181	0.0886159366541764	-0.350269555940366	-0.00289508425599513	NPX
F8A1	1164.3083276323	120.84570322743	-34.7474353644845	131.145395462466	0.792440647928739	0.93628613327922	0.29575082781483	0.00256583328252252	0.00639834375515109	-0.0298438433702057	0.112680612498248	-0.250697843866773	0.191010157126361	NPX
F8A3	312.133054474482	71.926082010956	54.0529832447274	93.2230864830215	0.565368187746884	0.870136976454189	-0.0118332748361785	0.496363420871671	0.563594201220284	0.173172890438448	0.301318656189853	-0.417411675693664	0.763757456570559	NPX
FAM104B	392.326225976255	13.5986243959105	-9.05275407478055	16.6147749272809	0.588951066126548	0.874662531045827	0.116571903654932	0.0906168076999782	0.133836317298442	-0.0230745575375541	0.04235693809646	-0.106094156206616	0.0599450411315075	NPX
FAM120C	924.431982976963	34.1299508382071	-1.77238692356335	28.8199293451204	0.951276176904948	0.968415908060774	0.581849411802637	2.40108429298527e-07	2.25244574151476e-06	-0.00191727131492758	0.0311759049483392	-0.0630220450136724	0.0591875023838172	NPX
FAM122B	1576.42892687147	113.554420354917	-33.3954792527982	154.835268484821	0.83035819989548	0.942768333854891	-0.120514351925016	0.97684831192389	0.991954213654671	-0.0211842593621228	0.0982308504434289	-0.213716726231243	0.171348207506998	NPX
FAM122C	62.2285469010592	3.42773548957667	2.97181405662116	4.55659630193679	0.518097621317556	0.857213676197125	-0.0513197961711021	0.702267166154357	0.739821560066355	0.0477564430573355	0.0732708056286254	-0.0958543359747704	0.191367222089441	NPX
FAM127A	6735.08821078497	438.515376531196	829.398920543559	549.351114452719	0.139159868554389	0.479336742747532	0.0749349059595835	0.171043730450555	0.232383551025926	0.123145962545143	0.081958675805072	-0.0374930420327982	0.283784967123084	NPX
FAM127B	1886.45566857096	59.4562090248945	13.9852925584001	61.8592692612839	0.822318034956055	0.942768333854891	0.347711691819858	0.000698268055008307	0.00220094090938618	0.00741352833856643	0.0327920982556445	-0.0568589842424967	0.0716860409196296	NPX
FAM127C	1759.60988703794	73.5259558816928	-25.8538381802426	95.4357783476485	0.787894319983321	0.93628613327922	-0.0133594220208504	0.503969439901841	0.568951172840474	-0.014692937548654	0.0542403707236488	-0.121004064167006	0.0916181890696976	NPX
FAM156A	943.828753911049	76.5256814773932	12.6890398255076	67.4902815542624	0.851841438711526	0.942768333854891	0.539169639166785	1.43098705360134e-06	1.02510708930714e-05	0.0134442183213073	0.071515222006584	-0.126725616811597	0.153614053454212	NPX
FAM156B	407.779580260708	38.7206985671227	-2.28287268564173	43.0015838230792	0.957932715095443	0.970245474929575	0.259732052868459	0.00586710063953771	0.0129141768266919	-0.00559830064119986	0.105454349035778	-0.212288824751324	0.201092223468924	NPX
FAM199X	2325.45179743316	106.509946474187	-193.877470113529	123.657844330245	0.124994147774206	0.460258824514365	0.187825797760223	0.0258157537196616	0.0450062255112684	-0.0833719582265826	0.0533127676307306	-0.187864982782814	0.0211210663296493	NPX
FAM3A	1469.14356142795	89.1253920368316	-61.2872215372257	104.321577532326	0.560265185146386	0.870136976454189	0.185760780838966	0.0268515314366441	0.0466057417887127	-0.0417162918221938	0.0710535123667409	-0.180981176061006	0.0975485924166184	NPX
FAM50A	3491.39024390433	144.518893496194	48.4092213632888	138.464858478556	0.728509479823938	0.916363312601666	0.463070363296561	2.27820142411037e-05	0.000118106758039406	0.0138653138095368	0.0396630989607536	-0.0638743601535402	0.0916049877726138	NPX
FAM58A	1058.59534835199	67.2521005411039	16.2947717684988	77.9439232747378	0.835491396575197	0.942768333854891	0.193523850896519	0.0231390792572525	0.0410666541772859	0.0153928238905133	0.0736360664278212	-0.128933866308016	0.159719514089043	NPX
FANCB	363.59037941547	43.7235966214389	-31.4554252131727	58.2780836508065	0.592440172094787	0.874662531045827	-0.0336251214827059	0.608595286518452	0.662393764884724	-0.0865133595221699	0.160622281611111	-0.401333031479947	0.228306312435607	NPX
FGD1	1925.53732530045	74.3067217925137	176.594014094045	77.5418941802086	0.0283258635183703	0.163803197334453	0.413439912372616	0.00010973075946086	0.000480376880306432	0.0917115507311657	0.0404254835713766	0.0124776029312675	0.170945498531064	NPX
FGF13	359.337576922188	83.4675257773492	-31.5165545854935	108.357008298592	0.772700786043268	0.930047990814783	-0.0138526199640663	0.506437536943204	0.570103970158921	-0.0877073721469384	0.302233975880689	-0.680085964873088	0.504671220579211	NPX
FHL1	4566.74884176749	2081.46546100076	9277.41407436455	2675.32685061729	0.00129388796144473	0.0145654816231207	0.268556552215743	0.00481701841709879	0.0109963143473367	2.03151397105821	1.0956983782212	-0.116054850255349	4.17908279237176	NPX
FLNA	225144.594092534	16505.057896529	8288.61793358048	20214.3638807654	0.684023278358087	0.916363312601666	0.0968667569749863	0.123542078682636	0.179614682660364	0.0368146433494817	0.0898244717204293	-0.13924132122256	0.212870607921523	NPX
FMR1	2601.04377810897	89.8038145063725	-129.601023887947	92.2463728143141	0.167953316938317	0.537996803851194	0.372285633418026	0.000359630113567845	0.00128461823249409	-0.0498265446274691	0.0355068358837009	-0.119419942959523	0.0197668537045847	NPX
FOXO4	470.839593760976	51.2853006417565	23.3981253277011	69.119764066441	0.736790364545576	0.916363312601666	-0.0773113215235577	0.832177830160757	0.862837013377205	0.0496944726776298	0.146900845130386	-0.238231183777926	0.337620129133186	NPX
FTSJ1	3454.85859446729	167.506467408409	-90.0876742891721	207.136379390942	0.666018052402699	0.913299068872786	0.0904018491945101	0.136272663098361	0.193134637628612	-0.0260756473313962	0.0599684243065374	-0.143613758972209	0.091462464309417	NPX
FTX	131.962603111658	12.6502060563998	-2.98811635270312	14.9547662674584	0.842667160539828	0.942768333854891	0.159775312841918	0.0433931399919398	0.070648335358778	-0.0226436602661951	0.113346576970492	-0.244802951128359	0.199515630595968	NPX
FUNDC1	694.008519371396	21.6737250404131	-7.80266516160424	16.9794147665348	0.648400192782355	0.905920836724283	0.637961864493167	1.65683335442233e-08	1.81331206011777e-07	-0.0112428953590823	0.0244682345001385	-0.0592006349793538	0.0367148442611892	NPX
FUNDC2	2453.17734801115	66.4782976625278	-12.7436224819038	73.7385237782259	0.863685325379864	0.9437442155259	0.292562969482402	0.00276732510300184	0.00685739679611777	-0.0051947416244632	0.0300587042712267	-0.0641098019960676	0.0537203187471412	NPX
G6PD	4953.44361426602	323.613406734849	108.939986145207	289.281719117309	0.708521078152443	0.916363312601666	0.525734131849116	2.41765446320602e-06	1.62357505638645e-05	0.0219927780809814	0.0584177957049232	-0.0925061015006681	0.136491657662631	NPX
GABRE	590.467205806495	104.695715352822	-154.641451302029	118.120099918254	0.198131913316286	0.582566969004603	0.246924066459041	0.00776379076133089	0.0165347759998074	-0.261896765444934	0.205364182769153	-0.664410563672473	0.140617032782605	NPX
GDI1	7990.13827370196	417.765873241226	145.994131467968	506.549880420265	0.774710119806515	0.930047990814783	0.118332484843667	0.0880715472371834	0.130944111741322	0.0182717903579316	0.0634040831474765	-0.106000212611122	0.142543793326985	NPX
GEMIN8	538.824924936003	37.4754031345976	234.32364959161	50.7000285817548	4.09842108799694e-05	0.000807388954335397	0.476076358893837	1.46698347274929e-05	8.37668823569884e-05	0.434879009391484	0.0988354210790786	0.24116158407649	0.628596434706478	NPX
GK	653.055817303077	59.5465461336064	47.5747816984796	80.5561706906687	0.558209613209236	0.870136976454189	-0.0960469650831763	0.909801436657516	0.930019511073706	0.0728494876516819	0.12353137744812	-0.169272012146634	0.314970987449998	NPX
GLA	1155.18517471472	77.9845415603702	-6.3593812774806	94.506714609015	0.946694430027856	0.968415908060774	0.174812054199903	0.0329815993781521	0.0560118541163445	-0.0055050752179633	0.0818117231561932	-0.165856052604102	0.154845902168175	NPX
GNL3L	851.040710818303	69.609019212886	-64.4391668587444	61.1914161504644	0.298787506531506	0.667495347886367	0.538174190834562	1.4885448465652e-06	1.04729762419052e-05	-0.0757180779245967	0.0721680966122574	-0.217167547284621	0.0657313914354278	NPX
GPC4	2727.19099422498	650.813212200879	-289.176950507274	819.671640022681	0.726140983859614	0.916363312601666	0.0501226753556124	0.240839748886715	0.307090165247138	-0.10603472625116	0.301618575642831	-0.697207134511109	0.48513768200879	NPX
GPKOW	1377.9040240106	53.0056751270963	10.9122634724753	54.317650080963	0.841823034186666	0.942768333854891	0.367325414501019	0.000412249894933193	0.0014385995783237	0.00791946556677691	0.0394216659252059	-0.0693469996466267	0.0851859307801805	NPX
GPR173	355.13601047871	27.2090008538878	-42.7678214927005	34.3340790049665	0.220329208933876	0.61567169021239	0.0477521615411896	0.248474511827745	0.314787645209427	-0.120426597784469	0.0971179480714988	-0.310777776004607	0.0699245804356687	NPX
GPRASP1	204.850505392769	22.6171567290173	16.2843128035305	26.9713145649819	0.549496415836091	0.870136976454189	0.148281503965129	0.0531826923384131	0.0848339302888047	0.0794936423139784	0.131955609189396	-0.179139351697238	0.338126636325195	NPX
GPRASP2	937.912519664491	42.4077743438943	57.7761232211751	53.6005041642153	0.287699389085026	0.660473928943643	0.0472688839043937	0.250052338325005	0.315771222115551	0.0616007591431263	0.0572165579694889	-0.0505436944770719	0.173745212763325	NPX
GRIA3	2825.44104763362	256.806205258129	25.7960993387076	345.456759918759	0.940857048095843	0.965364115646915	-0.0886402055222715	0.881371297325578	0.906684833280099	0.00912993720407389	0.122269306107815	-0.230517902767244	0.248777777175392	NPX
GRIPAP1	1421.79801163301	54.755201029009	-94.7918038507737	48.9804027180634	0.0602283566980336	0.26965877885256	0.64124837161675	1.39763423433972e-08	1.57333682379957e-07	-0.0666703730594616	0.0345451696754601	-0.134378905623363	0.00103815950444008	NPX
GRPR	192.699536890036	77.9562494958956	121.16317672107	100.758270033019	0.236414869751153	0.618149942846565	0.0458622517767504	0.254686004799887	0.320595162591551	0.628767347739977	0.581466587697836	-0.510907164147782	1.76844185962774	NPX
GSPT2	1043.07849279434	36.5970151523012	-29.6527769642775	39.7155155840983	0.45976473830706	0.805099141746585	0.290684474370397	0.00289274739411811	0.00707440746880974	-0.0284281357243208	0.0380883514015237	-0.103081304471307	0.0462250330226656	NPX
GTPBP6	1752.6515471626	187.621346235729	716.368373159851	194.200326740975	0.000685738142362686	0.0093165802789965	0.500722647727597	6.14889930349551e-06	3.84550210409084e-05	0.40873405459265	0.119130032332094	0.175239191221746	0.642228917963553	PAR1
GYG2	184.975494967252	30.625302312738	53.6070806215725	38.9244883252824	0.176301867120774	0.551293140044324	0.124203922060407	0.0800137328306401	0.120787014311388	0.289806391009053	0.215831482045315	-0.133223313799765	0.712836095817871	NPX
HAUS7	594.92243544196	43.8074099085442	-78.6901936402347	56.8689322462996	0.174315834502806	0.549443510352845	0.0548884545855545	0.226012951289229	0.291010139895282	-0.132269669039758	0.0960854100282698	-0.320597072695167	0.0560577346156511	NPX
HCCS	1866.54701146354	71.564905520798	178.81906419332	82.1439919162763	0.0356046627722495	0.18458206752982	0.218949048631232	0.0139657963998737	0.0276508732741218	0.0958020682549588	0.0441615518843282	0.00924542656167547	0.182358709948242	NPX
HCFC1	4356.16075380777	355.784531232563	250.209556663943	456.390998047418	0.586655179549659	0.874662531045827	0.0172594492161479	0.362302917311314	0.435205333599566	0.0574380907419985	0.104874064934016	-0.148115076528674	0.262991258012671	NPX
HDAC6	1309.28465142644	59.0318431252857	-119.528502452713	51.703760208789	0.026159350749548	0.161043503051905	0.54485140679487	1.14049464118046e-06	8.81088016911964e-06	-0.0912929837850687	0.039704020786491	-0.169112864526591	-0.0134731030435463	NPX
HDAC8	860.801935068857	31.4825894414911	106.238328683258	39.0955857888315	0.00976287914534525	0.0739725842935775	0.234433389693584	0.0101326983045726	0.02090200592671	0.123417855322037	0.0456413845947086	0.0339607415164081	0.212874969127666	NPX
HDX	403.079075338935	16.7303512541425	-38.3203164347105	18.5076330529477	0.0450702316703502	0.216556966806317	0.30514375204827	0.00204778713621876	0.00537885421113462	-0.0950689797094735	0.0460848838013301	-0.18539535196008	-0.00474260745886647	NPX
HEPH	5058.54321045772	530.887615984461	-1218.99423944973	726.519433663043	0.101372982428699	0.399409550769072	-0.041811611220403	0.65197208496822	0.698035330101845	-0.240977330574079	0.145831931825087	-0.526807916951249	0.0448532558030916	NPX
HMGB3	3302.22922050126	327.665689870448	-214.635625336419	439.925505536132	0.628358900080065	0.890551822415631	-0.0720534890039579	0.807436461669351	0.841613666396096	-0.0649971915952698	0.133376785872867	-0.326415691906088	0.196421308715549	NPX
HMGN5	163.578107416143	10.7918719326877	-34.5808555048671	8.51372076427647	0.000227564188776477	0.00373584543241384	0.720793395057128	1.25807185693373e-10	2.47840155815945e-09	-0.211402711836575	0.0538831307930134	-0.317013648190881	-0.105791775482268	NPX
HNRNPH2	8061.35721410666	271.422861586028	-92.6829712948159	301.777651993959	0.760383462067565	0.921818720168063	0.258326556319948	0.00605237563623605	0.0131747845341271	-0.0114971919533139	0.0374370938031274	-0.0848738958074436	0.0618795119008158	NPX
HPRT1	2506.01021863138	157.011224086721	-90.8477578968707	215.007961326099	0.674957267319787	0.913859667780055	-0.128369344635087	0.988643118986933	0.994481314145894	-0.0362519502999017	0.0858269806560912	-0.20447283238584	0.131968931786037	NPX
HSD17B10	2213.8823686696	100.465227644897	-64.645368193244	113.005539178204	0.570567730140206	0.874662531045827	0.238902511640668	0.00921894677968771	0.0193205586765796	-0.0292000013677744	0.0510612541068738	-0.129280059417247	0.0708800566816983	NPX
HTATSF1	5798.34499919364	275.450447571635	-192.552061307156	229.676124122069	0.406935693377548	0.772689200450407	0.652020464883809	7.90822898385856e-09	9.44194612012204e-08	-0.0332081070260452	0.0396420361428641	-0.110906497866059	0.0444902838139684	NPX
HUWE1	15405.6799899453	1041.08709283284	-143.441594443074	1012.60167273623	0.888080579248787	0.94627890080524	0.430254362711687	6.56031658115299e-05	0.000300554038717939	-0.00931095508518237	0.0657321241105264	-0.138145918341814	0.119524008171449	NPX
IDH3G	2693.74638362262	133.4753440106	33.6503145105111	99.6787942751564	0.737484406548058	0.916363312601666	0.666086644319018	3.65286031814349e-09	4.49758426671417e-08	0.012492012876601	0.0370089550406562	-0.0600455390030853	0.0850295647562872	NPX
IDS	5874.23579416245	348.964822470847	737.609654935082	467.006337477884	0.122312157609645	0.45463198205849	-0.0354589237629279	0.618289473862186	0.671091054274659	0.125566913004767	0.0798499677327174	-0.0309390237513595	0.282072849760893	NPX
IGBP1	3109.7821060683	171.650615026917	-154.814388835421	232.44441276175	0.509314119855651	0.853248385886938	-0.09641766947618	0.911135866178809	0.930019511073706	-0.0497830341660666	0.0747966982276668	-0.196384562692293	0.0968184943601603	NPX
IKBKG	1276.69551646693	75.0739036176557	80.2113067235939	87.7334257679261	0.36619747239549	0.736131653692974	0.18012472234208	0.0298681006592533	0.0516141739462535	0.0628272800280269	0.0688183842786307	-0.0720567531580892	0.197711313214143	NPX
IL13RA1	13075.5744190717	812.957147393709	-571.308912896811	1059.30249540447	0.592728161901614	0.874662531045827	-0.020340008674097	0.539326758205211	0.596895344755206	-0.0436928347915266	0.0810593727686578	-0.202569205418096	0.115183535835043	NPX
IL13RA2	3598.71065705159	686.627774533742	515.148838021375	884.329576671786	0.563562504973276	0.870136976454189	0.0147949178788868	0.372754565845351	0.444499048576447	0.14314816808402	0.24724828640998	-0.341458473279541	0.627754809447581	NPX
IQSEC2	785.880203498883	62.179601827847	67.4732464218129	80.8745198923409	0.409195826607994	0.772689200450407	-0.00261310117465863	0.451504489887824	0.517130142487799	0.0858569106606956	0.103133438798653	-0.116284629384663	0.287998450706055	NPX
IRAK1	7409.61752403359	486.379854312956	-158.843551406248	603.276650918793	0.79370448861741	0.93628613327922	0.0726844287018038	0.176638852407083	0.237602987521218	-0.0214374832291989	0.0814302152477283	-0.181040705114746	0.138165738656349	NPX
JADE3	952.689787249873	51.2952077768037	85.063225419801	48.956833599751	0.0901885604797425	0.374045187673879	0.51158798645378	4.12621004232986e-06	2.66512583061961e-05	0.0892874328645348	0.0516123955635736	-0.0118728624400695	0.190447728169139	NPX
JPX	722.099512626984	34.7876153817841	225.387388734545	44.5681596887079	1.04561480284097e-05	0.000257482645199589	0.339058161944433	0.000875400637166661	0.00261293826548231	0.312127878212506	0.0635255781850338	0.18761774496984	0.436638011455173	NPX
KANTR	38.0152984852265	3.59311924910158	-5.53657402343021	4.5269940356741	0.228663675672637	0.618149942846565	0.0511352929497457	0.237631195058334	0.303982762509687	-0.14564068267363	0.119876468212343	-0.380598560369823	0.0893171950225627	NPX
KCND1	309.800948759463	27.6501759676516	11.6176040889703	30.1567310725975	0.702152170961992	0.916363312601666	0.320459345283641	0.00140492806170116	0.00392582734971813	0.0375002211435785	0.0973998037610355	-0.153403394228051	0.228403836515208	NPX
KDM5C	4774.97991995779	246.115636398312	3879.95299179553	316.497212513332	5.92991149159639e-15	5.84096281922244e-13	0.828589740649872	1.15530833675083e-14	7.58652474466378e-13	0.812559017385318	0.0784054952388595	0.658884246717153	0.966233788053482	NPX
KDM6A	1389.10106642347	47.0393944047181	599.706058138394	47.5684284583862	2.46587375486254e-15	3.2385141980528e-13	0.879231199186749	1.37504676644444e-17	2.70884212989555e-15	0.431722408566326	0.0372341752565964	0.358743425063397	0.504701392069255	NPX
KIF4A	2800.82152950464	338.030150943036	-113.615303053226	463.758975559655	0.807750377142487	0.941108112040924	-0.130380010817291	0.99090905750094	0.994481314145894	-0.0405649920412174	0.165651986009844	-0.365242884620512	0.284112900538077	NPX
KLHL15	966.433118647575	50.1711086624353	-58.7543751160627	51.6773882006365	0.262498656860298	0.632941515214274	0.380234613588716	0.000288127393996422	0.00107059916456965	-0.0607950762265716	0.0535653463102816	-0.165783154994724	0.0441930025415803	NPX
KRBOX4	679.102018464503	23.6618223858943	-11.2818650485277	18.9148975643158	0.554318641449711	0.870136976454189	0.669377622363495	3.03385243081331e-09	3.85592857335627e-08	-0.0166129163833687	0.0278588212851546	-0.0712162061022717	0.0379903733355342	NPX
LAGE3	300.798033952626	16.8623579097968	-14.2520432511991	17.6605387951221	0.424561223625737	0.78126632449654	0.34012497576741	0.000851516238093926	0.00256104883823669	-0.0473807726198226	0.05877233090816	-0.162574541199816	0.0678129959601711	NPX
LAMP2	14718.5031716077	691.560533020242	-468.123946772054	915.802873213229	0.612119229186107	0.880534333875316	-0.0569571655793142	0.731713809260526	0.768787308929726	-0.0318051327172369	0.0622391392353375	-0.153793845618498	0.0901835801840246	NPX
LAS1L	2057.77223144407	120.969983681158	-66.7292397574002	155.701727308766	0.670593367350657	0.913299068872786	0.00161481947980857	0.431621584653872	0.500173248098899	-0.0324279036998045	0.0756892008331358	-0.180778737332751	0.115922929933142	NPX
LDOC1	1578.20672802668	122.085045901246	-158.036117757362	152.312073919263	0.305855742815418	0.677006531849859	0.064095682874854	0.199310459505876	0.260891432044236	-0.100136512505534	0.096819956401983	-0.289903627053421	0.0896306020423527	NPX
LINC01420	1583.84722126475	53.7654152992093	-23.3422224290967	68.0120159103726	0.733285737337543	0.916363312601666	0.0362005116404156	0.288181919897135	0.35818194460401	-0.0147376730000872	0.0429439346506905	-0.0989077849154407	0.0694324389152662	NPX
LRCH2	802.015500358708	59.8619273484591	-155.254706347064	68.3298017743588	0.0286712489327526	0.163803197334453	0.23803141415978	0.00939097339814879	0.0194739132572138	-0.193580680520046	0.0864141098141682	-0.362952335755815	-0.024209025284276	NPX
MAGED1	33288.3497653689	1951.71028351499	923.428604356822	1830.76045844366	0.616821005455805	0.880534333875316	0.478071388397767	1.36967947886439e-05	8.03538373670546e-05	0.0277402938525207	0.0550210764913368	-0.0801010160704995	0.135581603775541	NPX
MAGED2	16130.8045448024	724.595837750388	-161.787835266584	821.52644030912	0.844900645992331	0.942768333854891	0.244420873602405	0.00819380479148969	0.0173567692894997	-0.01002974370046	0.0509310358866375	-0.109854574038269	0.0897950866373495	NPX
MAGED4B	5360.77572802588	268.644817943218	-570.80685195692	366.22170096573	0.127161107779029	0.462072774597033	0.0280473932218915	0.318722895696396	0.393657745781756	-0.106478405536118	0.0685231310980038	-0.240783742488206	0.0278269314159689	NPX
MAGEE1	246.908236469382	12.5800729083465	46.1316303367139	13.8879536429703	0.00195098076370416	0.019217160522486	0.494717806839546	7.63354758435261e-06	4.69940273161707e-05	0.18683714644908	0.0570472858588122	0.0750244661658076	0.298649826732352	NPX
MAGEH1	1466.80439309694	56.9470496440318	35.0499948884895	73.1002230038507	0.63427610804396	0.895716080893621	0.0160374306743228	0.367462658844415	0.440061664391184	0.0238954798972797	0.049845015352059	-0.073800750192756	0.121591709987315	NPX
MAGT1	7923.92803409132	229.384104471928	-269.353933112311	238.151320306285	0.264953942832335	0.632941515214274	0.380558311963658	0.000285516780118423	0.00107059916456965	-0.0339924759479721	0.0300708097915229	-0.0929312631393569	0.0249463112434127	NPX
MAMLD1	1605.01648315439	216.335217130998	538.541011635293	286.679668090251	0.0677964654309646	0.287223735266667	-0.031147264981267	0.5955328833706	0.652457693980546	0.335536125197219	0.184251513373331	-0.0255968410145094	0.696669091408947	NPX
MAP7D3	3335.84478494488	152.983408376099	145.187956690781	174.718578506971	0.411042624832264	0.772689200450407	0.215125266702832	0.0150937003015505	0.0294401877168857	0.0435235947865544	0.0524141309668518	-0.0592081019084751	0.146255291481584	NPX
MBNL3	555.145988431259	51.0850037410681	-120.305724224782	44.4343105104355	0.0100105455951018	0.0744180181975494	0.545183293884457	1.12536951025791e-06	8.81088016911964e-06	-0.216710066778549	0.0824875836544436	-0.378385730741259	-0.0550344028158397	NPX
MBTPS2	4067.40973036602	173.348853663309	25.188093218286	156.276185645541	0.872786218760499	0.9437442155259	0.541040941634079	1.32840241919394e-06	9.87529345589458e-06	0.00619266188754958	0.038422456297352	-0.0691153524552604	0.0815006762303596	NPX
MCTS1	2572.09922378177	100.011450361346	-89.2076162347566	122.118823458142	0.469451368999358	0.811661089500121	0.125417752782292	0.0784280929994899	0.118848725545381	-0.034682805161612	0.0474974195254644	-0.127777747431522	0.0584121371082981	NPX
MECP2	3440.94549241632	135.800071820711	-19.5976389607476	174.457129163201	0.911134020528943	0.95305998962635	0.0189334404629896	0.355307578892449	0.428107602702217	-0.00569542266912971	0.050700844876022	-0.105069078626133	0.0936782332878735	NPX
MED12	1832.17583153198	135.703961771061	-16.1349715620134	149.448678467911	0.914578343017543	0.9532906538331	0.272407512260883	0.00441498916519006	0.0102323866534405	-0.0088064536625407	0.0815715686386719	-0.168686728194338	0.151073820869256	NPX
MED14	4158.69245134001	163.273602479204	221.780971088785	163.813209719971	0.183573516810718	0.554339662875568	0.447596629897358	3.78583620639366e-05	0.000188812590546722	0.0533294956729303	0.0394461628362504	-0.0239849834861205	0.130643974831981	NPX
MID1	1635.32232249817	130.485995207253	-191.748276593634	163.429435511269	0.247800116572376	0.632941515214274	0.0560083416251791	0.22262932003233	0.288539316094533	-0.117254118014309	0.100374130171655	-0.313987413150752	0.0794791771221342	NPX
MID1IP1	2595.74971170721	167.911080456785	-116.224048463021	220.05515058268	0.600381805369635	0.876112708576431	-0.0312653423523606	0.596154238154814	0.652457693980546	-0.044774751563617	0.0848246428639428	-0.211031051576945	0.121481548449711	NPX
MID2	786.485828806879	63.3266192196884	56.5748136006587	68.1989955192411	0.411839421559862	0.772689200450407	0.354047000033475	0.000590295050061063	0.00193813541436716	0.0719336719473818	0.0869067930907192	-0.0984036425104279	0.242270986405192	NPX
MMGT1	4484.59356481363	236.751885782371	-330.993811613741	233.29958114532	0.163914524215516	0.531242507342895	0.41588076612309	0.000101947612669449	0.000456447265815488	-0.0738068694141509	0.0521681736260523	-0.176056489721213	0.0284427508929115	NPX
MORC4	2670.85537673186	109.446802231394	162.684874764562	123.562088289147	0.195649623036859	0.580936961248986	0.231688291268508	0.010733744408915	0.021912410865868	0.0609111508552094	0.0463303995987208	-0.0298964323582834	0.151718734068702	NPX
MORF4L2	24005.4825459217	724.054564303197	849.528451727977	885.943473880882	0.343517900715941	0.721229982045616	0.102459288371498	0.113328757137582	0.16537603819336	0.0353889345945393	0.0369213132975069	-0.0369768394685742	0.107754708657653	NPX
MOSPD1	1279.72858205312	50.8210697624944	-73.9891415184108	45.2886736975367	0.110365329878866	0.42217417448809	0.530423077920858	2.01711771790682e-06	1.39428838746542e-05	-0.0578162764792727	0.0354636840775431	-0.127325097271257	0.0116925443127117	NPX
MOSPD2	2789.98953190727	160.016251185412	-130.807617610784	179.399286465517	0.470271035037573	0.811661089500121	0.299219338518571	0.00236195424401199	0.00596544853936361	-0.0468846266678866	0.0643572620424218	-0.173024860271033	0.0792556069352602	NPX
MPP1	1147.94655912561	62.915990059928	187.543056449157	72.478429212517	0.0135071182451576	0.091153169610786	0.313865634105375	0.00165464511890682	0.00446527518389923	0.163372636956208	0.0637692204551773	0.0383849648640604	0.288360309048355	NPX
MSL3	2140.15614534518	61.559847473872	-64.1580191249816	64.2072568278358	0.323841491521613	0.698110047221512	0.356803802563308	0.000548323731300649	0.00181545840447442	-0.0299781954062206	0.0300135915861909	-0.0888048349151548	0.0288484441027137	NPX
MSN	71346.6860545197	5028.29726714095	857.884590972445	4892.9350511615	0.861726484125885	0.9437442155259	0.438955638988854	4.99132004700012e-05	0.00024278766648371	0.0120241687233643	0.06858494571779	-0.122402324883504	0.146450662330233	NPX
MTM1	837.609012818269	25.0418264668064	25.8502569243959	26.4481767347661	0.334398875409916	0.712179226548687	0.32899816520213	0.00113309126846257	0.003211783883268	0.0308619612836049	0.0315892802776261	-0.0310530280605422	0.092776950627752	NPX
MTMR1	1353.09485253614	57.8751412986843	86.0989754360179	60.6128494192447	0.163415605337226	0.531242507342895	0.364831662177018	0.000441321786627493	0.00151200681679332	0.0636311454992532	0.0448783174271159	-0.0243303566578939	0.1515926476564	NPX
MXRA5	40781.1520730727	6339.2474779065	-8330.43259847522	8573.37256578887	0.337206132373772	0.714296861049817	-0.0802303049808151	0.845433140509063	0.871991249635003	-0.204271634689195	0.212613281336273	-0.62099366610829	0.212450396729899	NPX
NAA10	2944.0329482924	134.841833669313	593.665353009092	166.687868801361	0.000990246193585506	0.0125857096862158	0.238532839241304	0.00929159946007179	0.0193697893506258	0.201650376689375	0.0573672460542474	0.0892105744230496	0.314090178955699	NPX
NAP1L3	613.12018719262	36.5652182520805	-28.4203626243413	42.7955087736446	0.510535701772712	0.853248385886938	0.211008705249006	0.0163987078105599	0.0313645188221388	-0.0463536566206923	0.0698542646366115	-0.183268015308451	0.0905607020670662	NPX
NDUFA1	1540.6329175043	101.199274128586	55.1700950632587	70.3560545840536	0.437685819583131	0.789371810661989	0.717735458612727	1.54563344493059e-10	2.76808898773934e-09	0.0358100196590826	0.0457275216964939	-0.0538159228660455	0.125435962184211	NPX
NDUFB11	2210.47807195972	91.9681669954595	35.1133733371359	88.4620115814849	0.693581743748764	0.916363312601666	0.445166197047969	4.09402680568872e-05	0.000201630820180169	0.0158849679544687	0.0400248593448275	-0.0625637563613931	0.0943336922703306	NPX
NGFRAP1	4370.39463891682	233.904484103173	602.121021894613	293.996388677527	0.0473297038758105	0.224673534061076	0.0816656392835323	0.15513748711502	0.214470771660764	0.137772689114374	0.067672900295602	0.00513380453499385	0.270411573693754	NPX
NHS	1051.15318650166	62.8113955146359	-60.5601015164219	80.0431447235978	0.453840090687468	0.801851998793105	0.0265623054166416	0.324509446583555	0.399552256106003	-0.0576130123507229	0.0762257166640964	-0.207015417012352	0.0917893923109061	NPX
NHSL2	1717.42508930132	188.309566377515	457.990814002131	207.883151765616	0.0335610957931109	0.18365377420119	0.374701723051313	0.00033632257952821	0.00122695459568625	0.266672949437607	0.124525067999819	0.022603816157963	0.510742082717252	NPX
NKAP	1317.21133134323	51.5082823266385	-2.66768333401077	26.4956421917125	0.920317259790328	0.954197643350925	0.86097639843685	2.06914752523141e-16	2.43144165667726e-14	-0.00202525082386771	0.0201151075126747	-0.0414508615487101	0.0374003599009747	NPX
NKRF	1027.16001008424	33.8870213276207	-70.2832733686331	40.9889251565971	0.0943395943335953	0.38319381615914	0.177056837033587	0.0316327781853028	0.0539537428788282	-0.0684248536533941	0.0399689010346971	-0.1467638996814	0.00991419237461227	NPX
NONO	23986.7769679322	1249.66142178397	-1193.6336942515	1044.42722183847	0.260064378705918	0.632941515214274	0.579221714401144	2.69518531743707e-07	2.4695418955121e-06	-0.0497621542005109	0.0436189020833314	-0.13525520228384	0.0357308938828187	NPX
NSDHL	1567.13281437713	99.4616025325004	40.4043892655384	114.01550808898	0.724965924705409	0.916363312601666	0.22265200676304	0.0129463075401741	0.0258926150803482	0.0257823643885585	0.0727726081792853	-0.116851947642841	0.168416676419958	NPX
NUDT10	56.0267557536065	9.30184227587638	4.30811334525868	12.1967639521294	0.725827371009521	0.916363312601666	-0.0244774345986714	0.560667063001443	0.618775414068819	0.0768938570029796	0.218069351236179	-0.350522071419932	0.504309785425891	NPX
NUDT11	988.104038786736	39.679316237991	-8.05596702510991	47.3089350333407	0.865666909396946	0.9437442155259	0.200726766549112	0.0201101247485931	0.0366823571803042	-0.00815295425267322	0.0478796151416375	-0.101996999930283	0.0856910914249363	NPX
NXT2	863.146874025406	48.1273743713244	-95.4234309992362	51.1354385977086	0.0695619128502162	0.291568017691332	0.33441464503179	0.00098674898853516	0.00290133657823025	-0.110552947442439	0.0595628616540946	-0.227296156284464	0.00619026139958642	NPX
OCRL	4458.78953749748	149.425993452046	190.224872801788	157.202292926759	0.233537685254717	0.618149942846565	0.345779372911409	0.000734669926088745	0.00229730119745211	0.0426628956585721	0.0352856977183438	-0.0264970718693816	0.111822863186526	NPX
OFD1	771.334814874275	46.9808001887262	303.474112674586	50.9130498005336	5.8738645910273e-07	1.78023280681904e-05	0.472993128743823	1.63017475015813e-05	9.04632185299017e-05	0.393440185536097	0.0702218807524118	0.25580529926137	0.531075071810824	NPX
OGT	4315.10317004098	234.191318121384	-188.179012809821	296.096294891336	0.528792493421692	0.860926621521267	0.0726622849859045	0.176694607471363	0.237602987521218	-0.0436093890214065	0.0686593953850056	-0.178181803976017	0.0909630259332044	NPX
OPHN1	1091.85048098453	107.706535095845	321.606923265388	124.593162772535	0.0137191455178964	0.091153169610786	0.282377350513582	0.00351228870626726	0.00828647754652276	0.294552165215324	0.117753146971207	0.063755997151758	0.525348333278891	NPX
OTUD5	3722.94366704674	127.125215786906	65.5262898560639	128.066226196068	0.611774472029555	0.880534333875316	0.404494411536386	0.000143242229360465	0.000575892228245133	0.0176006664930397	0.0344044342651112	-0.0498320246665782	0.0850333576526577	NPX
PABPC5	267.109162356975	21.9373331438835	-10.3168917657775	27.4842773817559	0.7094160088683	0.916363312601666	0.0945278698314395	0.128030919617834	0.183826975199048	-0.038624252626683	0.102944185627121	-0.24039485645584	0.163146351202474	NPX
PBDC1	1540.41421428183	70.7469727754576	-6.02947797387407	54.1662958397154	0.911938111901355	0.95305998962635	0.684197642967024	1.28252322827471e-09	1.74246259289736e-08	-0.00391419263596261	0.035163920965198	-0.0728354777277506	0.0650070924558254	NPX
PDHA1	4898.39308036581	242.085450699444	144.882253527806	205.619506679134	0.485237599089009	0.831233104526389	0.590877098840816	1.60457289913488e-07	1.54195542014426e-06	0.0295775065722138	0.042002374400192	-0.0527471472521625	0.11190216039659	NPX
PDK3	246.050522227144	19.8414574181259	35.4175724399818	22.7647400144555	0.127832315814915	0.462072774597033	0.342471323825381	0.000801088459770327	0.00246585041523054	0.143944309158124	0.0932458963327593	-0.0388176476540844	0.326706265970332	NPX
PDZD11	2755.67634249278	110.708845421781	31.7636793518915	127.431770958196	0.804467585999165	0.941108112040924	0.202138751070389	0.0195596241534924	0.0358441484487256	0.011526636442057	0.0462456923053548	-0.0791149204764385	0.102168193360552	NPX
PGK1	36641.0508162455	1962.92464984212	-20.4577271843904	2505.23313731859	0.993526178628004	0.996054235062172	0.0203032830571713	0.349646249259802	0.423878837564191	-0.000558328069983191	0.0683723125082952	-0.134568060586242	0.133451404446275	NPX
PGRMC1	15424.9731716626	829.235559416206	-1597.69397090856	1052.84711955836	0.137205991679586	0.479336742747532	0.0434982024273189	0.262612179917064	0.329489006719528	-0.103578395445361	0.0684827631065268	-0.237804611134154	0.030647820243431	NPX
PHF6	3037.20528375449	134.728891744023	-188.65908947881	155.768369797424	0.23312553480585	0.618149942846565	0.194245176336784	0.0228184627091715	0.040680879219066	-0.0621160151695759	0.0513607099852798	-0.162783006740724	0.0385509764015724	NPX
PHF8	1446.93337008672	51.4871559733232	44.2315571051126	42.0973164501316	0.299864661360119	0.667495347886367	0.613634806286452	5.55746835496007e-08	5.61446803039556e-07	0.0305691734115315	0.0291144911222317	-0.0264952291880426	0.0876335760111057	NPX
PHKA1	266.512735837962	29.3141495251468	167.289952114665	39.183852542998	0.000121386812444612	0.00217392745923532	0.34156918793856	0.000820141214148018	0.00250492742925829	0.627699654159778	0.162428138129389	0.309340503426176	0.94605880489338	NPX
PHKA2	931.532213392303	27.9195765286615	101.463544915668	30.0691061760072	0.00168401400709673	0.0170128594563106	0.46738500432012	1.97138455736022e-05	0.000104962907513503	0.108921133866294	0.0324438506203037	0.045331186650499	0.172511081082089	NPX
PIGA	507.440738195061	23.8890515694492	-20.1567361169159	31.6995435605346	0.52857627187126	0.860926621521267	-0.0397064173491442	0.640800882673262	0.68982390101985	-0.0397223450931675	0.0624974329801068	-0.162217313734177	0.0827726235478419	NPX
PIM2	205.809982739471	30.7700374536952	-43.9343624521441	34.4262197531593	0.209436664044801	0.59498827991662	0.248248020745391	0.00754472389953891	0.0161555500892301	-0.213470512301433	0.170289359456865	-0.54723765683689	0.120296632234023	NPX
PIN4	608.267131497814	55.0593324770718	188.932399646952	53.3723185741579	0.00105357154128787	0.0129720996021069	0.469681626208832	1.82428467136867e-05	9.84613918519528e-05	0.310607609491769	0.0921393156420858	0.130014550833281	0.491200668150257	NPX
PIR	229.749018687339	27.4518296806218	-32.0102419049347	36.1751952454041	0.381651434909673	0.751853326772057	-0.0460903191467272	0.674660720653209	0.716486048348691	-0.139327001646509	0.158332903418602	-0.449659492346968	0.17100548905395	NPX
PJA1	2022.47302250425	81.3867641497092	-30.0097486603824	99.9471157169013	0.765576396839854	0.925267179002769	0.0912969705871002	0.134449123612197	0.19123810362168	-0.014838145343083	0.0494218761048097	-0.11170502250851	0.082028731822344	NPX
PLCXD1	686.367784130714	141.849373880334	445.101697828204	189.324789859646	0.0238723961477305	0.149297207654061	0.0785103599017	0.162441505222222	0.223003320758033	0.648488620997745	0.306670843919555	0.0474137669154161	1.24956347508007	PAR1
PLP2	9168.09376275566	841.54187341448	-0.913413140115271	1031.33823417281	0.99929786195507	0.99929786195507	0.0950969675140381	0.126926650136427	0.183183517046712	-9.96295591812017e-05	0.112492112784719	-0.22058417061723	0.220384911498868	NPX
PLS3	28914.6043156339	1805.59026528153	4903.91760468096	1975.76972395366	0.0174772974238145	0.111065406209402	0.311487466906611	0.00175430809030518	0.00470202304476355	0.169600024650154	0.0691470751907501	0.0340717572762836	0.305128292024024	NPX
PLXNA3	3632.22924382042	388.564350251028	935.282726021814	446.163435258484	0.0425950148394339	0.207190566009098	0.207486429236467	0.0175945930668477	0.0330108079444666	0.257495511224416	0.125885362737425	0.0107602002590633	0.504230822189769	NPX
PLXNB3	341.144495428076	58.2069026440214	66.4190618254659	54.2548566109803	0.228218973043159	0.618149942846565	0.480647983471091	1.2529396052894e-05	7.47966976490942e-05	0.194694807378093	0.162470093480183	-0.123746575843065	0.513136190599251	NPX
PNPLA4	438.525625183235	29.4421307383721	124.048032976606	36.0938832384855	0.00141240570987386	0.0150402121537919	0.41931730744721	9.18584762845316e-05	0.000416002754667879	0.282875220632257	0.0844700763523103	0.117313870981729	0.448436570282785	NPX
POLA1	1976.69945277596	193.814453946514	-48.2434584154138	249.852378446795	0.847892235187684	0.942768333854891	0.00207039323559655	0.429506771900161	0.499190761441485	-0.0244060665609349	0.126421419819525	-0.272192049407203	0.223379916285334	NPX
PORCN	584.235030226126	31.413773791274	49.9629992730063	37.9871442637978	0.196103085903845	0.580936961248986	0.136391367891512	0.0652643167263756	0.102040241230921	0.0855186640446196	0.065182704981543	-0.0422394377192047	0.213276765808444	NPX
PPP1R3F	186.2279201704	16.8702147700877	-14.3922253143822	18.6361349680669	0.44460639345174	0.79123633494556	0.304472896710892	0.00208132652611648	0.00543074603503242	-0.0772828548007905	0.100316242879577	-0.273902690844761	0.11933698124318	NPX
PPP2R3B	375.08945121217	56.8119980338563	337.356347256907	63.6225524351677	4.80316882603097e-06	0.00012616323449708	0.481851793738286	1.20165271807458e-05	7.28386416802129e-05	0.899402385662082	0.21755067004065	0.473003072382409	1.32580169894175	PAR1
PQBP1	1523.21974549071	64.5326625609184	-82.5426525140468	72.4619737260409	0.261603047887599	0.632941515214274	0.285082500843147	0.00329834964014086	0.0078286130012982	-0.0541895893605657	0.0476269474872391	-0.147538406435554	0.0391592277144228	NPX
PRAF2	3181.51492846981	196.834556459985	66.1657660679201	166.980392460521	0.694081299910194	0.916363312601666	0.575340442093303	3.19219257156028e-07	2.85846334816988e-06	0.020796937168465	0.0525003232195041	-0.0821036963417631	0.123697570678693	NPX
PRDX4	8399.46148606519	402.191272631707	-345.55373217541	431.707816865184	0.428308441855971	0.78126632449654	0.403639382154513	0.000146900654442805	0.000584634927782475	-0.0411399865037405	0.0514348193318652	-0.141952232394196	0.0596722593867153	NPX
PRICKLE3	355.397268506522	18.5311317754552	-11.2934119610767	19.8791466918762	0.57322128155492	0.874662531045827	0.309346329426739	0.00184873159358164	0.00488859226759171	-0.0317768676403586	0.0559595365108688	-0.141457559201661	0.0779038239209442	NPX
PRKX	655.806399488721	33.3919723443526	-109.410652317896	38.5931148450882	0.0072256137044108	0.0580998326436297	0.264067664073526	0.00532761445057515	0.0119265914404921	-0.166833767409398	0.0594582817028186	-0.283371999546923	-0.0502955352718736	NPX
PRPS1	8103.57709928737	1176.46291901653	2659.44682669664	1393.83174305322	0.0637714965059037	0.279177440259179	0.160072203727102	0.0431626071989644	0.0705645943418754	0.328181837984921	0.178478939830836	-0.0216368840835174	0.678000560053359	NPX
PRPS2	1655.01719625839	125.259393443371	67.1959229697828	142.422533009617	0.639693779961986	0.898874198872359	0.259931593157308	0.0058412193944272	0.0129141768266919	0.040601344277085	0.0861098639002053	-0.128173988967317	0.209376677521487	NPX
PRRG1	1504.21330440087	64.2749421909167	-131.973822163055	62.1010825799985	0.0399642632194818	0.196823996355948	0.437366977319624	5.24868836128565e-05	0.000252193074920311	-0.0877361088197662	0.0414546252096308	-0.168987174230643	-0.00648504340888982	NPX
PSMD10	3194.52878085105	97.2140630510328	15.6670459967786	118.895809910012	0.89584271573694	0.94627890080524	0.128631006838258	0.074358591469696	0.113997218050818	0.00490433709368702	0.0372188745145959	-0.0680446569549209	0.0778533311422949	NPX
PUDP	964.96171118977	86.4123740837512	944.409484064792	116.245401896439	6.46611640351165e-10	3.18456232872949e-08	0.705032107861031	3.54805883840267e-10	5.82472992637772e-09	0.978701510239574	0.148974474182854	0.686711540841181	1.27069147963797	NPX
RAB33A	68.952320816987	5.9910497340726	-15.186769301711	8.01464617495368	0.0655396232553823	0.281812550205811	0.00606081054544483	0.411220957330948	0.485092985593992	-0.220250299362942	0.117799422464132	-0.451137167392641	0.0106365686667562	NPX
RAB39B	295.969109126931	39.5186659730735	-54.091948314026	47.816959420831	0.264866959590036	0.632941515214274	0.130572366335184	0.0719879637835338	0.110814969327621	-0.182762141878894	0.163393220829801	-0.503012854705305	0.137488570947517	NPX
RAB9A	1509.46334002037	115.875606123486	314.514224910684	138.436118603298	0.0286863467413129	0.163803197334453	0.228441620829621	0.0114860185379927	0.0233272747627275	0.208361618710421	0.093096513136319	0.025892452963236	0.390830784457607	NPX
RAP2C	2911.14004074412	141.904936449598	-251.954438743569	127.728835753227	0.0556638074389478	0.252798329103864	0.540398840418964	1.36279728057279e-06	9.94337275084592e-06	-0.0865483745945686	0.0440782442837033	-0.172941733390627	-0.000155015798510169	NPX
RBBP7	8635.47991609265	482.494515056423	2079.9212351418	648.487213488221	0.00267643742911429	0.0251075320731198	0.17955721873008	0.0301878282461047	0.0519388835325994	0.240857631000423	0.0762919829786258	0.091325344362316	0.390389917638529	NPX
RBM10	3306.36190745865	170.979622086454	2.6976474114205	201.784734317436	0.989401606564579	0.99444957394501	0.16083657296169	0.0425739913117067	0.0698923024033852	0.000815895986865508	0.0610292485174276	-0.118801431107293	0.120433223081024	NPX
RBM3	20755.7302436543	1032.72155069291	-113.578484903487	1324.76674204061	0.932115956672688	0.961397086201673	0.00807379822290377	0.402162482346864	0.475831886020014	-0.00547215075404113	0.0638271349614817	-0.130573335278545	0.119629033770463	NPX
RBM41	710.456083792769	26.10297335709	12.0851056653425	26.600125974091	0.652113437055952	0.907889378798746	0.412776445428076	0.00011194009771833	0.000484663719791452	0.0170103486211649	0.0374461310338175	-0.0563840682051174	0.0904047654474471	NPX
RBMX	13171.9880548234	863.810356718658	-566.824976622096	1120.3540503036	0.615751087044484	0.880534333875316	-0.00811051793110162	0.47801723577656	0.545909538828883	-0.0430326063357256	0.0851026084684049	-0.209833718933799	0.123768506262348	NPX
RBMX2	1391.56852957479	34.0931347581845	-43.2979264359508	36.0401866602331	0.236849361661004	0.618149942846565	0.434600869713621	5.7265951261765e-05	0.000265444527025122	-0.0311144765893642	0.0259101825845489	-0.0818984344550801	0.0196694812763517	NPX
RGAG4	673.951689996888	65.1460152096258	261.120010269269	86.3768364868275	0.00440763024539663	0.0369490705677931	0.203679905388426	0.0189741486687048	0.0350977210115947	0.387446183673009	0.133524608406208	0.125737951196841	0.649154416149177	NPX
RGN	189.296942484079	34.0417098039404	57.8923555847454	44.978595157806	0.205643171016807	0.59498827991662	0.0257691333980663	0.327628048864801	0.401526718741478	0.305828265502041	0.24389063141651	-0.17219737207432	0.783853903078401	NPX
RLIM	6557.96400807931	385.106935721855	-197.359506019076	242.39329254017	0.420467457110869	0.781219616344666	0.761764004411977	6.20961117455154e-12	1.74756200198093e-10	-0.0300946308604213	0.037003893962445	-0.102622263026813	0.0424330013059708	NPX
RNF113A	665.097569387155	23.9684815934277	-16.6564289268983	28.2541219560509	0.558911059230346	0.870136976454189	0.190164364127589	0.0246856681372578	0.0436150369779353	-0.0250435871269928	0.0424907543539244	-0.108325465660685	0.058238291406699	NPX
RNF128	246.307092148911	36.0783039658049	-46.2639345010767	45.2626483100969	0.313021997802913	0.685170372968598	0.0914540280260654	0.134131212780069	0.19123810362168	-0.187830297931928	0.185813260166101	-0.552024287857486	0.176363691993631	NPX
RP2	2357.09444485916	152.936791779719	9.41231901536751	193.787936875155	0.961509706300507	0.971371344313845	0.0432589796034492	0.263423952072719	0.329489006719528	0.00399318705107291	0.0822151609523511	-0.157148528415535	0.165134902517681	NPX
RPGR	607.265291071888	38.8246889675541	-38.2423356711758	49.6526548603975	0.445823518674909	0.79123633494556	0.0963828154507056	0.124460170476979	0.180284217529153	-0.0629746771854423	0.0818634231555385	-0.223426986570298	0.0974776321994131	NPX
RPL10	51235.3780484284	3446.59525069882	689.344565264567	3861.02314812246	0.859223662496425	0.9437442155259	0.280350035854171	0.00368086042046342	0.00863249408132493	0.0134544643080995	0.0753639722553282	-0.134258921312344	0.161167849928543	NPX
RPL36A	8597.64859560169	464.743013778132	-849.147163371109	397.213999182871	0.0388605361244865	0.19381077510187	0.671320375432648	2.71639456638128e-09	3.56753153051408e-08	-0.0987650465041695	0.0465077428944165	-0.189920222577226	-0.00760987043111314	NPX
RPL39	13407.686334723	728.815440003402	-1196.0464438377	884.952123033867	0.184310903138831	0.554339662875568	0.122885797897505	0.0817662482371732	0.122746480063269	-0.0892060280930202	0.0661812264915356	-0.21892123201643	0.0405091758303897	NPX
RPS4X	28754.160125879	2485.34973036889	9277.10585497363	3318.7874181467	0.00800315087333269	0.0630648288818616	0.216417231492979	0.0147037833335407	0.0288223414597763	0.322635257450075	0.118740504660157	0.0899038683161671	0.555366646583982	NPX
RPS6KA3	6135.37922673009	274.298516956231	221.546833396484	334.04073380435	0.511082789516034	0.853248385886938	0.130938874033833	0.0715477125169275	0.110814969327621	0.0361097212102665	0.0544689311651777	-0.0706493838734819	0.142868826294015	NPX
RPS6KA6	827.345237061429	176.931992836254	131.741441384227	87.9036109180523	0.142002148678725	0.479336742747532	0.859695456815449	2.46846868698199e-16	2.43144165667726e-14	0.159233939452105	0.111571506086067	-0.0594462124765865	0.377914091380797	NPX
RRAGB	848.903089592675	54.7892312008576	-64.1233831291258	74.1044417852543	0.392159964371338	0.764906069120333	-0.0793995951430804	0.841698445869315	0.870417815413413	-0.0755367531526994	0.0874303786215236	-0.246900295250886	0.0958267889454868	NPX
SAT1	2269.09105195037	159.692742974885	-498.736577942385	193.41743014735	0.0138109537238617	0.091153169610786	0.207493638234063	0.0175920678290076	0.0330108079444666	-0.219795753684588	0.0866322403603284	-0.389594944790831	-0.049996562578344	NPX
SCML1	820.711800868433	59.5190004666083	-78.5497874099999	71.9851902279031	0.281883397608778	0.653306227399169	0.122760262404938	0.0819348331386793	0.122746480063269	-0.0957093431907312	0.0879848866253489	-0.268159720976415	0.0767410345949527	NPX
SCML2	230.502430003987	21.0915797761353	-13.7232230013125	26.9169821796925	0.613040211754174	0.880534333875316	0.0199773271017685	0.350988206690682	0.424200470662972	-0.0595361315760324	0.116902266541876	-0.28866457399811	0.169592310846045	NPX
SEPT6	3658.16405594927	313.671786521085	-258.329768178865	415.434285632283	0.537671648500683	0.868207497988808	-0.042168690089514	0.65386694063366	0.698166868860873	-0.0706173272242242	0.113724914745729	-0.293518160125854	0.152283505677405	NPX
SH3BGRL	7218.58354346502	700.011697282939	-100.388340924123	837.801959436817	0.905238133555335	0.951103532322138	0.137652673529567	0.0638800202764749	0.101079228871209	-0.0139069306768645	0.116069657086302	-0.241403458566017	0.213589597212288	NPX
SH3KBP1	11919.7217644737	348.488683593661	-1619.56891933392	369.745010513733	8.64632700381695e-05	0.00162221563785899	0.551069735642317	8.86493767224907e-07	7.27663633930445e-06	-0.135873047319022	0.0312729244750474	-0.197167979290115	-0.0745781153479294	NPX
SLC10A3	1577.66599209281	99.2269938085898	26.97089699236	124.277651419231	0.829323086498772	0.942768333854891	0.0553444690261293	0.224630559688378	0.290178493499085	0.0170954417015623	0.0787804443630196	-0.137314229249956	0.171505112653081	NPX
SLC16A2	4307.09183330282	310.893278952407	297.649716679802	254.227787868182	0.248783742740291	0.632941515214274	0.61479862822094	5.25470920298364e-08	5.44830375256725e-07	0.069106888870664	0.0592357973465983	-0.0469952739286686	0.185209051669997	NPX
SLC25A14	525.212232053187	18.4377818964736	12.1953320997876	22.5802597093322	0.592207147056006	0.874662531045827	0.116517668764332	0.0906961845651879	0.133836317298442	0.0232198173529069	0.0430003654982917	-0.0610608990237448	0.107500533729559	NPX
SLC25A43	3039.71960915864	90.7006046705589	-23.0483523973562	112.543489713674	0.838797335937991	0.942768333854891	0.0720021322521438	0.178363102120649	0.238220549950969	-0.00758239422080634	0.0370249909330725	-0.0801513764496284	0.0649865880080157	NPX
SLC25A5	9152.12608340024	706.852177346096	-361.682038714764	871.453591116172	0.680392123554003	0.916363312601666	0.0839688557755143	0.149972665582822	0.209536277445503	-0.0395189090948789	0.0952676104049375	-0.226243425488556	0.147205607298799	NPX
SLC25A6	18679.6859200388	1424.00081958234	6515.84739915437	1891.58677853071	0.00138147701855278	0.0150402121537919	0.317530871663065	0.00151120580631355	0.00416374187194083	0.348819965552228	0.104697561784984	0.14361274445366	0.554027186650796	PAR1
SLC35A2	1726.19322935729	68.8165580952371	126.755557067085	86.5735200535695	0.151170946412105	0.500515570473692	0.166030953293114	0.0387563823476084	0.0644304415399059	0.0734306883559493	0.05023821827419	-0.025036219461463	0.171897596173362	NPX
SLC38A5	2084.8050505025	193.510899937829	-601.40907676593	233.421768424848	0.0138811933417441	0.091153169610786	0.199426864395594	0.0206290996189462	0.0371135399537206	-0.288472572829279	0.115120559244455	-0.51410886894841	-0.0628362767101476	NPX
SLC6A8	1815.07419173583	121.476193671648	284.631873387709	123.942294835904	0.0271045729726925	0.163803197334453	0.511831653865748	4.08899422161992e-06	2.66512583061961e-05	0.15681555866072	0.0690867898969655	0.0214054504626678	0.292225666858773	NPX
SLC9A6	2053.14379881799	87.599371465276	63.7914281864955	95.8288564742509	0.509533421062403	0.853248385886938	0.333186413911525	0.00101831362206991	0.00297196716367071	0.0310701219384735	0.046693027451081	-0.0604482118656454	0.122588455742592	NPX
SLC9A7	4840.39238811026	340.233937457135	-297.320615416967	381.954703107181	0.441019726051854	0.789826236656502	0.270219371282634	0.00463949794552619	0.0106898373715633	-0.0614248993836312	0.0790278948630201	-0.216319573315151	0.0934697745478882	NPX
SMARCA1	10657.792913228	415.531574584209	-536.083945991341	458.456268564183	0.249370342854499	0.632941515214274	0.351152608526604	0.000637547222938998	0.0020759802135369	-0.0502997149931464	0.043060741399263	-0.134698768135702	0.0340993381494091	NPX
SMC1A	7677.27230629108	743.733233696801	2647.36562805565	968.234083636741	0.00935517418437061	0.0722733064439612	0.17785011960237	0.0311678798156265	0.0533919332493777	0.344831539437032	0.130466110099126	0.0891179636427439	0.600545115231319	NPX
SMIM10	608.896610065345	35.7653307854498	-4.81972710388524	30.8548564023568	0.876676098686496	0.9437442155259	0.605827634643454	8.05504549976032e-08	7.93421981726391e-07	-0.00791550983239666	0.0506755245874295	-0.107239538023759	0.0914085183589653	NPX
SMS	12301.3578690816	1108.41620047836	87.4729549484697	1454.52576163598	0.952352470433595	0.968415908060774	-0.0380286302385879	0.631901853555589	0.68398167665083	0.00711083734652788	0.118242809596632	-0.224645069462871	0.238866744155927	NPX
SNX12	3547.07729983949	152.521851640537	242.855070781438	153.273451558994	0.121166355577881	0.45463198205849	0.47312548268202	1.62283383184262e-05	9.04632185299017e-05	0.0684662470683758	0.0433113677899907	-0.0164240338000058	0.153356527936758	NPX
SPIN2B	245.514674311392	8.53909354642073	-9.2847940235563	10.0793017827727	0.362622876359099	0.732684170694796	0.216663253231734	0.0146305667212178	0.0288222164407991	-0.0378176744408368	0.0410748302780251	-0.118324341785766	0.0426889929040924	NPX
SPIN3	99.031394709119	7.02802142366543	-11.5681435669938	9.0630829889841	0.209361921420451	0.59498827991662	0.0146384234663138	0.373424327611177	0.444499048576447	-0.116812891517609	0.0918919684375933	-0.296921149655292	0.0632953666200742	NPX
SPIN4	698.023910347222	60.461948668556	-57.8964321004068	73.4447371112725	0.435287279837279	0.789371810661989	0.125613388743553	0.0781750390989663	0.118848725545381	-0.0829433365278376	0.105463079227769	-0.289650971814265	0.12376429875859	NPX
SRPX	6601.48454227207	459.259088777796	-643.153098187595	611.215742316832	0.299160113700567	0.667495347886367	-0.0500312082352925	0.695484405200803	0.734640363670553	-0.0974255251329025	0.0928353703346015	-0.279382850988721	0.0845318007229164	NPX
SRPX2	1874.58883528764	127.69225476496	7.91289484892677	175.095105605611	0.964184895653612	0.971582733727681	-0.130499909335127	0.991034825863172	0.994481314145894	0.00422113622996831	0.0934049813678896	-0.178852627251095	0.187294899711032	NPX
SSR4	4672.45212919128	229.418350371316	-260.258865091212	287.284171739386	0.370536954874577	0.741073909749154	0.0888999139918262	0.139377270911058	0.196826683652175	-0.055700702306876	0.0615454650189989	-0.176329813744114	0.0649284091303618	NPX
STAG2	11113.2416656812	605.179090652563	-358.547983055877	425.488786244031	0.404549672207284	0.772689200450407	0.702302363169812	4.22103988122603e-10	6.53631922202085e-09	-0.0322631320223252	0.0383269389563374	-0.107383932376746	0.0428576683320961	NPX
STARD8	410.334803643604	47.3222605576321	15.6129521011855	64.2433116681826	0.809257070798904	0.941108112040924	-0.091226559329993	0.891669062927536	0.914889611441274	0.038049300138689	0.156624636758235	-0.268934987907451	0.345033588184829	NPX
STK26	841.932980990625	68.8553779596518	-134.818835183027	88.3377964222897	0.135036424861598	0.479336742747532	0.0085072509461197	0.400226802202082	0.474967952010904	-0.16013012701367	0.105736714530486	-0.367374087493423	0.0471138334660831	NPX
STS	2157.70097094228	330.605928247791	2086.05549029382	417.935330105663	1.28712942170053e-05	0.000298311171852947	0.477710571844061	1.38681749770551e-05	8.03538373670546e-05	0.966795454229612	0.243846789347817	0.48885574710789	1.44473516135133	NPX
SUV39H1	765.365401429458	112.782474635845	23.2815647130275	147.227608023564	0.875167849733675	0.9437442155259	-0.0180213969800804	0.52748563238326	0.588751669005678	0.0304188883761207	0.192414726147983	-0.346713974873925	0.407551751626167	NPX
SYAP1	4939.99976688028	150.298221135933	2235.02494973472	159.811215016475	8.8243570506763e-17	2.31769597037899e-14	0.880675942429172	1.09029452165823e-17	2.70884212989555e-15	0.452434221701631	0.035157249537822	0.3835260126075	0.521342430795762	NPX
SYTL4	541.979152851413	37.0647301392448	36.847326628941	49.2594677120063	0.458932102061755	0.805099141746585	-0.0396599252202989	0.640554213006984	0.68982390101985	0.0679866124648579	0.0910069680309993	-0.110387044875901	0.246360269805616	NPX
TAB3	2230.29579485235	85.1695512740281	-247.088710699998	95.057961858751	0.0131196532439698	0.091153169610786	0.311088096407283	0.00177157638213782	0.00471622361190745	-0.110787417198334	0.0428306961093514	-0.194735581572663	-0.0268392528240057	NPX
TAF1	3003.12636537404	99.2511846747066	-65.6714919907601	117.655323678806	0.579919823088617	0.874662531045827	0.208384054744429	0.0172826456890981	0.0327373192380032	-0.0218677085146834	0.0391842787755891	-0.0986688949148381	0.0549334778854713	NPX
TAF9B	2308.12862904054	151.485356107685	-31.9996749074968	196.675531579413	0.871592509643283	0.9437442155259	0.00385968077936172	0.421254196088825	0.493970694223205	-0.0138639045089955	0.0852148108429795	-0.180884933761235	0.153157124743244	NPX
TAZ	611.765951241863	28.4798651641605	23.2103711544434	20.4718860435179	0.263813238303445	0.632941515214274	0.692890459183147	7.58666268652911e-10	1.06755182089017e-08	0.037939952537939	0.0335101711821617	-0.0277399829790979	0.103619888054976	NPX
TBC1D25	952.940674566202	34.3440546910803	42.7486788277206	42.0941340065628	0.316103072335925	0.68809177072019	0.172893876745251	0.0341740264812929	0.0577878387709416	0.0448597483229275	0.0442024569299104	-0.0417770672596969	0.131496563905552	NPX
TBC1D8B	3080.47576657495	145.454201432957	-264.852834161608	176.170330205549	0.140793697064693	0.479336742747532	0.242943229876902	0.00845766095019879	0.017819884568868	-0.0859778989451642	0.0573332379817092	-0.198351045389314	0.0263952474989857	NPX
TBL1X	4767.0233536496	313.328605220327	-401.2600455051	208.459615236506	0.0615606330712185	0.272526847528765	0.733222487409712	5.31543431806145e-11	1.10225322174537e-09	-0.0841741304241562	0.044078116700028	-0.170567239156211	0.00221897830789872	NPX
TCEAL1	759.202820594247	57.946023713895	41.206886581309	69.97840072173	0.5593563425965	0.870136976454189	0.121864507643916	0.0831463083040524	0.124089566181048	0.0542765193483546	0.0922665722873266	-0.126565962334806	0.235119001031515	NPX
TCEAL3	2097.25978078155	300.887417552574	329.284801495356	298.959564994297	0.277458439515547	0.650706102197176	0.412063348396032	0.000114360871798184	0.000485955979917951	0.157007159777148	0.144316452385952	-0.125853086899317	0.439867406453614	NPX
TCEAL4	4639.80629139724	455.569471960338	613.208903760484	405.586027418944	0.138618750362072	0.479336742747532	0.525588220409893	2.4312418357056e-06	1.62357505638645e-05	0.132162608791976	0.0883723758488108	-0.041047247871693	0.305372465455645	NPX
TCEAL7	267.226537434866	29.581924897955	97.2660593608964	38.1752717377075	0.0148914662309828	0.096184224508315	0.22443695559117	0.0124792193246236	0.0250857776219474	0.363983533576279	0.14843091722451	0.0730589358162392	0.65490813133632	NPX
TCEAL8	4348.43042224801	205.761738568263	-79.2537434095257	227.651617781731	0.729610189487859	0.916363312601666	0.262921217832336	0.00546569012711765	0.0121665644637534	-0.0182258276466923	0.0523596982172716	-0.120850836152545	0.0843991808591601	NPX
TCEANC	145.221062713847	15.2639439135502	63.3157933549907	19.5482754265578	0.00245373265090639	0.0235797723038321	0.266868520241089	0.00500354581927591	0.0113298681195098	0.435995937309399	0.142197308962629	0.157289211742646	0.714702662876152	NPX
TFE3	7113.68591263635	238.312060002626	629.199313467584	287.947456728961	0.0349523469326918	0.183661384632697	0.200410930753078	0.020235137036827	0.0367402948963587	0.0884491276667008	0.040586262796797	0.00890005258497877	0.167998202748423	NPX
THOC2	4832.19102923207	115.060305153038	-256.918157181035	130.332836956578	0.0558209508427314	0.252798329103864	0.436682930136406	5.36327777858422e-05	0.000254594149971347	-0.0531680464672906	0.0270014841711104	-0.106090955442667	-0.000245137491914134	NPX
TIMM17B	783.703936236782	42.9336395211345	10.8131831628516	50.553607267333	0.831743003290466	0.942768333854891	0.188304203562557	0.0255809071198784	0.0447950106899204	0.0137975358587258	0.0645104299016214	-0.112642906748452	0.140237978465904	NPX
TIMM8A	475.847512294612	26.5084973216048	-55.2215347299931	31.9994444800516	0.092317214441599	0.378885234270729	0.259297902557826	0.00592377266233716	0.0129664801608936	-0.116048804087902	0.0675573019559418	-0.248461115921548	0.0163635077457435	NPX
TIMP1	35233.3146502844	3594.14537802341	8212.02326723513	4875.09967173022	0.100076252059722	0.398283265773035	-0.0334323460279651	0.607577415221597	0.662393764884724	0.233075523797442	0.140394095404664	-0.0420969031956988	0.508247950790584	NPX
TMEM164	1250.18603777744	84.50114788236	21.1981879747182	60.1380797950374	0.726367241801394	0.916363312601666	0.719407136579845	1.38152723859045e-10	2.59200824764114e-09	0.016956026810541	0.0481169553944253	-0.0773532057625325	0.111265259383614	NPX
TMEM185A	1162.27181525217	43.1274270814376	43.2395086498518	53.2956310858564	0.422109194579649	0.781219616344666	0.155076803584804	0.0471870224185093	0.0761954378397241	0.0372025786760307	0.0458754791435656	-0.0527133604453578	0.127118517797419	NPX
TMEM187	201.793147573106	19.0962411419738	100.989719775804	24.291401055717	0.000170547222425808	0.00292154807112036	0.382325356064964	0.000271648743573659	0.00103272542267449	0.500461591438417	0.129359085598947	0.24691778366448	0.754005399212354	NPX
TMEM47	15701.8501122981	2369.92936761548	1130.6400142609	2814.56001317218	0.690089599775187	0.916363312601666	0.167499330080371	0.0377330476582937	0.0629950032939311	0.0720068021395362	0.179579391118892	-0.279968804453492	0.423982408732564	NPX
TMLHE	960.711899926318	31.3106094376025	33.8677589596256	34.3512417572503	0.330247203452427	0.707159772610088	0.275234671510428	0.00413960290197711	0.00965090854070403	0.0352527734508369	0.0357744822314874	-0.0348652117228784	0.105370758624552	NPX
TMSB15A	113.694799730395	18.1025572204191	-2.41652128345038	24.7479198566009	0.922713964763204	0.954197643350925	-0.125689444903919	0.98515311071655	0.994481314145894	-0.0212544574525896	0.217696066123778	-0.447938747055195	0.405429832150016	NPX
TMSB15B	162.029746706514	14.7787908457661	-4.0236051780146	17.8010158627733	0.822356706243184	0.942768333854891	0.138574333775713	0.0628844717322909	0.0999051688004945	-0.0248325092138952	0.109885986317484	-0.240209042396165	0.190544023968374	NPX
TMSB4X	100010.6621327	5322.84959039037	5317.68230382902	5903.84296493685	0.373268309946293	0.742766232923432	0.330838265737891	0.00108126839491801	0.00310963319414377	0.0531711538593077	0.0590999278327582	-0.0626647046928984	0.169007012411514	NPX
TRAPPC2	413.652945917779	32.0403983809699	160.129675677403	43.643032532776	0.000726176729152928	0.00953712104287513	0.206254895444019	0.0180307750987191	0.033668840705665	0.387111169538804	0.109684425317805	0.172129695915907	0.602092643161701	NPX
TREX2	145.134897315508	12.7350146173354	-1.7174972623961	12.6943455795486	0.893073558091113	0.94627890080524	0.401054090144014	0.000158498380744942	0.00062448362013507	-0.011833799411195	0.0874720025144264	-0.183278924339471	0.159611325517081	NPX
TRMT2B	815.100880849743	43.7657402189617	30.798798226514	56.8967570564151	0.591372746527484	0.874662531045827	-0.0172287154627071	0.523458672695531	0.586832669385054	0.0377852594078984	0.0698328092259102	-0.0990870466748857	0.174657565490682	NPX
TRO	761.834841304814	61.3600974394962	-152.305493391013	76.6304787393594	0.0539178462478283	0.249925075548757	0.136708477424417	0.0649138903157197	0.101896704320293	-0.199919306827916	0.101867392546696	-0.399579396219441	-0.00025921743639068	NPX
TSC22D3	1807.84004933462	165.142938199618	-63.1653010202236	198.088503549582	0.751523567350368	0.918735895565506	0.169483981907652	0.0363875865323812	0.0612679875801633	-0.0349396513499476	0.109618393668138	-0.249791702939498	0.179912400239603	NPX
TSPAN6	1726.20591433535	53.7564978609833	-28.3302751853263	71.7272237760184	0.695015243612191	0.916363312601666	-0.0731964003704986	0.812902191332571	0.84507510127977	-0.0164118747074473	0.0415550941991512	-0.0978598593377837	0.0650361099228891	NPX
TSPYL2	1590.48676364998	96.5911772162956	-32.0017303396216	102.051792529334	0.755508705998031	0.918735895565506	0.410455935689103	0.00011999761001258	0.000497674298367965	-0.0201207146585624	0.0641755084807544	-0.145904711280841	0.105663281963716	NPX
TSR2	1637.61921492209	62.076423481159	97.8224786748681	80.5934685050751	0.232132540496488	0.618149942846565	0.0478055883837315	0.248300525605017	0.314787645209427	0.0597345694185215	0.0492658658213152	-0.0368265275912562	0.156295666428299	NPX
TXLNG	1282.78590534688	58.9334897089946	566.658345250222	78.4543671690393	1.0617585891575e-08	4.18332884128056e-07	0.567729204620181	4.42712529292227e-07	3.79192905524212e-06	0.4417403893263	0.0644385603217913	0.315440811095589	0.568039967557011	NPX
UBA1	20230.0166516708	1359.14743405486	5744.09098430999	962.062542249081	5.68957228337977e-07	1.78023280681904e-05	0.801224954407354	1.96754061954557e-13	8.61345560112173e-12	0.283939014149826	0.051239620010188	0.183509358929858	0.384368669369795	NPX
UBE2A	6665.46498073161	181.289157787587	93.4522154932625	217.286341435881	0.669499023662433	0.913299068872786	0.135002869531886	0.0668178307584557	0.104056226556646	0.0140203595343179	0.0326010575017354	-0.0498777131690834	0.0779184322377192	NPX
UBL4A	2359.00200899437	98.8671996582109	-43.544490187961	130.07825369225	0.73960287666835	0.916363312601666	-0.0417253023302762	0.651514071644754	0.698035330101845	-0.0184588610022099	0.0551466487175033	-0.126546292488516	0.0896285704840965	NPX
UBQLN2	3591.22067873109	143.377996928366	29.919598272452	94.8434175884741	0.754091998184969	0.918735895565506	0.770772385539729	2.98270445767139e-12	1.06835050574775e-10	0.00833131710608875	0.0264118939362317	-0.0434359950089254	0.0600986292211029	NPX
UPF3B	811.044634613364	58.639652811202	-56.8537518131812	41.9536026330686	0.183164828489287	0.554339662875568	0.743571611976018	2.51135640844207e-11	5.82043779368337e-10	-0.0700994117793334	0.0519755608334286	-0.171971511012854	0.0317726874541867	NPX
UPRT	739.51614971773	24.1946281277325	3.88636489515312	24.4870801454913	0.874715721042026	0.9437442155259	0.382578773061572	0.000269711993433393	0.00103272542267449	0.00525528062725409	0.0331127457672014	-0.0596457010764606	0.0701562623309688	NPX
USP11	3209.07853869565	194.028405085618	15.1430460065898	111.603031024893	0.892766915572278	0.94627890080524	0.803277933364295	1.61345861259464e-13	7.94628366702859e-12	0.00471881439609289	0.0347784528524132	-0.0634469531946369	0.0728845819868227	NPX
USP27X	224.132737131255	8.40206481841312	35.1545033305557	10.0933655166777	0.0012393644529824	0.0143620468963254	0.289838539633249	0.00295091154663594	0.00708938505716195	0.156846803285005	0.0454152016042567	0.0678330081406622	0.245860598429349	NPX
USP9X	15201.2463973864	894.528226415822	2848.62704796077	711.221645623556	0.000269583750238718	0.00405322157081695	0.701960663794143	4.31330710082594e-10	6.53631922202085e-09	0.187394307906918	0.0480690294571688	0.0931790101708675	0.281609605642969	NPX
UTP14A	2486.1038791252	88.0172692977408	-274.255007469251	104.406802218443	0.012256028603214	0.0894236161049315	0.317225431520793	0.00152270672765282	0.00416629479649451	-0.110315184241519	0.0421773685830228	-0.192982826664244	-0.0276475418187942	NPX
UXT	1505.60052965796	54.1626134967025	-22.8195277715431	60.7064321437517	0.709028536645808	0.916363312601666	0.250380094328826	0.00720370311022613	0.0155096121608147	-0.0151564291603478	0.0403240973588559	-0.0941916599837053	0.0638788016630096	NPX
VAMP7	4859.10122451336	162.198683773808	-266.359374782253	166.892360116775	0.11856246906237	0.449169353947823	0.367295019773364	0.00041259328007761	0.0014385995783237	-0.0548165931260114	0.0343950502512812	-0.122230891618523	0.0125977053664998	PAR2
VBP1	4471.78675552361	205.035386941443	-273.800628731198	254.349088750528	0.288328720249509	0.660473928943643	0.0943869157565198	0.128305629897812	0.183826975199048	-0.0612284627376286	0.0569478668034273	-0.172846281672346	0.0503893561970889	NPX
VMA21	2860.6988522475	155.560424505151	-160.902939002325	171.845291198883	0.354868339735695	0.721229982045616	0.266419720220129	0.0050542339738752	0.0113792467754676	-0.056246024944538	0.0601489021201641	-0.17413787310006	0.0616458232109836	NPX
WASH6P	335.707243943102	22.7599786080221	32.6696810982174	28.3865503571935	0.256786726170001	0.632941515214274	0.0672142783418966	0.190833440079802	0.251466138432916	0.0973159849471539	0.0848144650785063	-0.0689203666067185	0.263552336501026	PAR2
WBP5	5805.02404080693	450.303098744799	379.423296076814	346.087200753858	0.279661280765606	0.651991388293779	0.644451355524187	1.18219710980956e-08	1.36995782724991e-07	0.0653611928925056	0.059833767007052	-0.0519129904413163	0.182635376226327	NPX
WDR13	2016.0329933479	103.213003136014	44.2913769776815	134.908626576145	0.744436194485161	0.917960213362566	-0.00217451732480201	0.44942080875345	0.517130142487799	0.0219695695079521	0.066927318220843	-0.1092079742049	0.153147113220804	NPX
WDR44	2406.9308533212	112.944238240028	68.7317399455854	117.470763619285	0.561853021091077	0.870136976454189	0.359815771932417	0.000505637731266351	0.00170274586426446	0.0285557600671186	0.0488236003276089	-0.0671384965749948	0.124250016709232	NPX
WDR45	2101.50581686487	122.781025912162	68.0637791530702	159.657599962207	0.672225202977432	0.913299068872786	0.00277283581875731	0.426256751710229	0.498353591020267	0.0323880993366039	0.0759965139231538	-0.116565067952778	0.181341266625985	NPX
WWC3	1755.90759576473	248.674898422208	684.896325601467	315.480523341106	0.0360823108005329	0.184628966953376	0.0688514737823454	0.186495698879004	0.247405068546558	0.390052601431559	0.1879682660753	0.021634799923971	0.758470402939148	NPX
XG	2104.9606311391	296.281691507473	134.433415410688	376.790357003588	0.723175481811316	0.916363312601666	0.0256365414226102	0.328151277753188	0.401526718741478	0.0638650497410677	0.179226715968083	-0.287419313556376	0.415149413038511	NPX
XIAP	4242.08152411613	185.045966727622	-198.432951190344	208.803438951349	0.347795180871414	0.721229982045616	0.232908428225383	0.0104627287634363	0.0214703913166349	-0.0467772601875418	0.0492642059671947	-0.143335103883243	0.0497805835081598	NPX
XIST	-1113.89899618976	733.709468973574	7252.44588221749	734.758644575596	3.69647671579808e-12	2.91282365204889e-10	0.76637052062281	4.28352765131531e-12	1.40642491218186e-10	1.1814597195185	0.232952580570381	0.724872661600555	1.63804677743645	NPX
XPNPEP2	269.788676778286	64.6472434512532	-107.792423009115	84.5533309649451	0.209907032762462	0.59498827991662	-0.019847155981582	0.536802242281768	0.596895344755206	-0.399543910798374	0.327702946085154	-1.04184168512528	0.242753863528527	NPX
YIPF6	3003.20825465973	108.31042510862	-176.375953787893	124.493807259074	0.16449641090313	0.531242507342895	0.221929143430236	0.013139900083866	0.0261470739042585	-0.0587291785423908	0.0415076801952341	-0.14008423172505	0.0226258746402679	NPX
YY2	279.38831333495	17.5427389557485	26.5710815385102	23.9029499560906	0.273106044179375	0.644334020399245	-0.0123412297651646	0.498889660213772	0.564834845184559	0.095104484583988	0.0857627318158274	-0.0729904697750337	0.26319943894301	NPX
ZBED1	3735.32391367849	129.673171675846	1402.36324022407	164.626725494282	1.95231771099312e-10	1.09887596875899e-08	0.757897410713103	8.43256639757704e-12	2.2149541070969e-10	0.375432833304954	0.045959669017696	0.28535188203027	0.465513784579638	PAR1
ZBTB33	1950.21266752321	73.3121017643468	-100.689892124348	72.6138273867937	0.173424600298297	0.549443510352845	0.409811208500289	0.00012233036081626	0.000502064189183399	-0.0516302113103517	0.0372843508638511	-0.1247075390035	0.0214471163827964	NPX
ZC4H2	546.684382696946	18.5458884977897	-43.1539345120052	19.9864024894137	0.0370486002419873	0.187142929427474	0.326083837363375	0.00121987494458852	0.00343307662977055	-0.0789375659482256	0.0366572520774467	-0.150785780020021	-0.00708935187643009	NPX
ZDHHC9	4939.70113626363	311.387611298341	-259.073230885596	331.168653945161	0.438762503895877	0.789371810661989	0.318250676818984	0.00148441821394205	0.00411873786121949	-0.0524471468493654	0.0671237159636644	-0.184009630138148	0.0791153364394168	NPX
ZFX	2810.11054824619	274.991413823536	1138.54540043409	190.328415357322	5.48575896814979e-07	1.78023280681904e-05	0.808666971844902	9.48675937110755e-14	5.33969027459482e-12	0.405160359667936	0.0784812649323912	0.251337080400449	0.558983638935423	NPX
ZMYM3	2197.00676246268	82.9916428110455	-36.3270912968402	83.2095911355528	0.664828342082911	0.913299068872786	0.394272110091134	0.000193098038033001	0.000753273534504974	-0.0165348108697309	0.0378792214157207	-0.0907780848445436	0.0577084631050817	NPX
ZNF182	361.989265600325	14.5894868832288	-20.6239190051703	15.2083242259811	0.182869271300014	0.554339662875568	0.47070016604893	1.76239153833114e-05	9.64419814031208e-05	-0.0569738413954556	0.0420758958834069	-0.139442597326933	0.025494914536022	NPX
ZNF185	952.316945720069	215.95390570085	-199.342879472606	274.314329890953	0.471752257602862	0.811661089500121	0.0305838997696489	0.308998452041286	0.382847138692663	-0.209324091489182	0.29193432212212	-0.781515362848538	0.362867179870173	NPX
ZNF275	2354.42031726377	124.789105000782	40.2668052143981	127.247703076459	0.753352915817979	0.918735895565506	0.411526434541835	0.00011621564063408	0.000487116621381144	0.0171026409002429	0.0540538996748881	-0.0888430024625378	0.123048284263024	NPX
ZNF280C	401.032878541098	19.4849064593289	-34.8655815188165	18.4187487304693	0.0658039457333367	0.281812550205811	0.461632168886321	2.39002481378119e-05	0.000122294776185687	-0.086939459042991	0.0461221166742077	-0.177338807724438	0.00345988963845617	NPX
ZNF41	1190.80461797072	28.7902460294153	-99.8711096800511	32.0565491560839	0.00343791004227686	0.0306590422425024	0.379912591099391	0.000290746473626782	0.00107059916456965	-0.0838685945392483	0.0269963329746906	-0.136781407169642	-0.0309557819088547	NPX
ZNF449	758.24811655099	30.2252341656143	-14.8707708994318	37.4938600223534	0.69381055463923	0.916363312601666	0.0805308160807939	0.157733789170449	0.217297597668381	-0.0196120116553323	0.0494541889601934	-0.116542222017311	0.0773181987066467	NPX
ZNF630	115.732588455673	8.77423967443357	-10.7692530413003	11.4892596217485	0.354356381610585	0.721229982045616	-0.0202299163839421	0.538762494809811	0.596895344755206	-0.0930529005270209	0.099524549186291	-0.288121016932151	0.10201521587811	NPX
ZNF674	244.980521165148	13.8063660539681	-13.8561434132339	16.443797521776	0.404569955006205	0.772689200450407	0.292170853837806	0.00279308637440383	0.00687797519696942	-0.0565601842437633	0.0671985211214699	-0.188269285641844	0.0751489171543177	NPX
ZNF711	136.115342252909	14.3303617903541	-54.1333673904437	17.3089639521711	0.00332784966450818	0.0304923899492145	0.340324202830519	0.000847123126331566	0.00256104883823669	-0.397702172984006	0.133879822652043	-0.66010662538201	-0.135297720586002	NPX
ZNF75D	654.95608165117	31.3188729797409	8.66610593700995	34.1997609204273	0.801292745978586	0.941108112040924	0.290172204645713	0.00292784287716607	0.00707711713867135	0.0132315832767937	0.0522207097804698	-0.089121007892927	0.115584174446514	NPX
ZNF81	560.720796460473	34.3679270731878	-32.8847173743868	37.0739056441734	0.38051395926167	0.751853326772057	0.30023759079315	0.00230498928673544	0.00585913405789524	-0.058647222614125	0.0662159415107433	-0.188430467975182	0.0711360227469318	NPX
ZRSR2	399.077343721877	20.4100975582927	249.03317879766	17.9643080651387	1.17649541643603e-16	2.31769597037899e-14	0.831217227142761	8.5914339569748e-15	6.77004995809614e-13	0.624022342323735	0.0551801616899917	0.515869225411351	0.732175459236119	NPX
ZXDA	275.702585099937	20.5810356938834	1.48658663942832	25.4223744596977	0.953668457684214	0.968415908060774	0.104042877726127	0.110566460365104	0.161944927077514	0.00539199383600068	0.0922102948601932	-0.175340184089978	0.186124171761979	NPX
ZXDB	715.922805890776	49.2124021618651	-26.0510668161221	48.8342743328398	0.596743487403001	0.876112708576431	0.435661769933556	5.5386921026711e-05	0.000259791034339573	-0.0363880946406065	0.0682574938059723	-0.170172782500312	0.0973965932190992	NPX
