gene	intercept	intercept_err	x_coeff	x_coeff_err	x_pval	x_adj_pval	adj.r.sq	reg_pval	reg_adj_pval	deltaEx	deltaEx_err	deltaEx_95_CI_lo	deltaEx_95_CI_hi	region
ABCB7	899.323444026433	22.6246345828584	-0.709586286242111	20.6814879347682	0.972804786353994	0.996294905982751	0.53521196933215	2.51440260598854e-06	1.08865343599943e-05	-0.000789022337797806	0.0229967269021865	-0.0458626070660833	0.0442845623904877	NPX
ABCD1	915.772766427199	42.5050975837844	24.5617124032763	46.1991936018041	0.597985253961137	0.836375188368057	0.355399199146521	0.000767704711714793	0.00164388943704146	0.0268207499761119	0.0504636726433576	-0.0720880484048689	0.125729548357093	NPX
ACOT9	2951.48441587036	107.41772032221	45.8759836708246	117.053132400793	0.697247580103286	0.884242413565926	0.34438263387973	0.00101999784939544	0.00204893057356904	0.0155433596139441	0.0396631060918989	-0.0621963283261777	0.0932830475540659	NPX
ACSL4	9209.12167783587	504.165085754114	424.668585198336	459.41546532712	0.360979507695332	0.694472123464325	0.550140215702231	1.39511177038791e-06	6.54373854205756e-06	0.046113907498954	0.0499508391039028	-0.0517897371446955	0.144017552142603	NPX
AFF2	866.747666829696	109.813741488321	139.259660145056	154.828742946199	0.373936854668718	0.694958116695636	-0.0916695963709644	0.865297341096133	0.878678227814115	0.160669206822819	0.179787969992672	-0.191715214362817	0.513053628008455	NPX
AIFM1	1858.67641573323	76.7253659589793	62.4308252667554	80.0589232872308	0.440209177599798	0.754097460757915	0.42117273674769	0.000122095330344678	0.000310358452618085	0.0335888618041818	0.0430953935373912	-0.050878109529105	0.118055833137469	NPX
AKAP17A	961.738009894322	93.776315245823	631.572452983216	60.0209962724396	5.93054074223837e-13	2.12421186585629e-11	0.863051039547886	2.71727949799589e-16	1.07060812221038e-14	0.656699066154841	0.089415176493791	0.481445320227011	0.831952812082671	PAR1
ALG13	1260.70815499044	45.6986310918987	160.89057049343	56.6350319227446	0.00711698736498954	0.0467348836967646	0.344211232056776	0.00102446528678452	0.00204893057356904	0.127619203426704	0.0451607437494904	0.039104145677703	0.216134261175705	NPX
AMER1	363.266472055486	15.9330342221585	38.4934384513613	15.7343250622508	0.0190380977045305	0.10418070132757	0.508442881697515	6.86501851500513e-06	2.65178166167845e-05	0.105964743273863	0.0435620927803864	0.0205830414243051	0.19134644512342	NPX
AMMECR1	1872.19746925148	68.132439582798	-76.9949386071838	71.311523922064	0.286908696688997	0.630624154865069	0.417627953070693	0.000135707017335586	0.000342303070508306	-0.0411254367510533	0.0381191362387821	-0.115838943779066	0.0335880702769595	NPX
AMOT	1204.18478264809	83.3279303817064	-177.098598650021	115.998477401719	0.134897764691202	0.393701624358027	-0.0449539274402111	0.657839001026171	0.691169510411497	-0.147069288037811	0.0968655627465606	-0.33692579102107	0.0427872149454478	NPX
AP1S2	3543.60435064706	324.504798737101	-54.2613516089268	456.819331939591	0.906058765254001	0.991630981972434	-0.10806462379061	0.920274834690313	0.929713550943547	-0.0153124745992082	0.128921377921641	-0.267998375325624	0.237373426127208	NPX
APEX2	1130.38340463811	53.6685848975594	-50.5168632517786	52.8333493549302	0.344883733534524	0.681032451910162	0.465130603716214	3.07141259511589e-05	9.23768368302032e-05	-0.0446900255652211	0.0467874543938565	-0.13639343617718	0.0470133850467377	NPX
APOO	482.737368619707	19.6630305871974	-1.16526866998822	25.817923101145	0.964230737341898	0.996294905982751	0.0380215692440889	0.295266572859793	0.327704309033122	-0.00241387708045076	0.0534824283531169	-0.10723943665256	0.102411682491658	NPX
APOOL	1494.33503276324	102.375968797156	-4.27869410974257	67.5582429236449	0.949824508831489	0.996294905982751	0.756442528645501	1.58377166263375e-11	1.9500188596178e-10	-0.00286327631751406	0.0452099946642658	-0.091474865859475	0.0857483132244469	NPX
AR	921.637235407751	109.76898470753	3.48146484701933	104.652604686925	0.973631450029484	0.996294905982751	0.492725628076166	1.20291822537322e-05	4.0165235660767e-05	0.00377747850593195	0.113551647130904	-0.218783749870641	0.226338706882505	NPX
ARAF	2702.85534078598	61.2237031161469	-18.5123485570362	57.6017957255985	0.749634833639163	0.913139086697388	0.505343891781243	7.68028888092836e-06	2.85474888592998e-05	-0.00684918215107024	0.0213120255360118	-0.0486207522016534	0.0349223878995129	NPX
ARHGEF6	1452.06317931506	74.5502602838178	89.7211638100591	104.934986743507	0.397764134842798	0.725551245963253	-0.0802913543519141	0.820165607501802	0.843721277691148	0.0617887465835892	0.07233572424429	-0.0799892729352192	0.203566766102398	NPX
ARHGEF9	1080.34150224237	26.7219110504538	-59.7999698353368	31.666879993502	0.0664258927901779	0.259126750092377	0.281157995132333	0.00462610440630833	0.00795932373836455	-0.0553528395523225	0.0293438747455554	-0.112866834053611	0.00216115494896603	NPX
ARMCX1	2607.82527569508	81.4663650496742	16.5647258471763	101.98741914423	0.871814296220346	0.967591078058638	0.131898198439228	0.0801006331073213	0.100508437720652	0.00635193086038372	0.0391087289724763	-0.0703011779256698	0.0830050396464373	NPX
ARMCX2	6548.0918202273	165.968564259403	-342.219244388452	206.051604705076	0.104765017757	0.335588756067137	0.145627791883572	0.0641090675803101	0.0814805568601361	-0.0522624382467155	0.031495296295014	-0.113993218984943	0.00946834249151186	NPX
ARMCX3	5579.28290033637	238.950577693262	-181.334646724134	299.470191199067	0.548342560296905	0.816219852833139	0.122622424632206	0.0926879862854335	0.115566666444496	-0.0325014253557928	0.0536934372142048	-0.137740562295634	0.0727377115840487	NPX
ARMCX4	765.134774206079	32.8311802971033	-44.5165291561986	38.1647006432724	0.250523215024157	0.591054770775556	0.264500421366724	0.00667406454435695	0.0109844419618044	-0.058181291266483	0.0499421464402871	-0.156067898289446	0.0397053157564798	NPX
ARMCX5	660.925315250243	13.9695161926612	-54.9997350369159	17.9879144120267	0.00401824124760767	0.0282711973492397	0.243447256346433	0.0104172971273231	0.0163522512675909	-0.0832162632718821	0.0272730345689967	-0.136671411027116	-0.0297611155166485	NPX
ARMCX6	1742.12383418211	39.9265839247578	-108.031089834575	49.6020868845124	0.0355202015326412	0.159033629589326	0.170483589485216	0.0419831777075609	0.0554935841383067	-0.0620111427872711	0.0285076409000548	-0.117886118951379	-0.00613616662316364	NPX
ARSD	1135.69031873037	71.8476201698546	177.840419472057	98.0750896517184	0.0774853843198405	0.282678161314974	0.0475420923156645	0.263378391382825	0.293969082733238	0.156592353160914	0.0869236109843836	-0.0137779243684775	0.326962630690306	NPX
ASMTL	888.084809925323	44.6579410972256	648.03535282361	61.4718729198511	5.62016539356206e-13	2.12421186585629e-11	0.766689820385554	7.02697093590845e-12	9.54698809913079e-11	0.72969985026329	0.0783428734657031	0.576147818270512	0.883251882256068	PAR1
ATG4A	801.273638839206	33.8821065399973	-57.6399381899334	34.1905771301581	0.0998119581166958	0.327971741845077	0.437386029608643	7.45164866524695e-05	0.000207368510163571	-0.0719353980912633	0.0427785707068523	-0.155781396676694	0.0119106004941673	NPX
ATP11C	4860.13283784655	173.839818663844	-162.216025403539	201.139671849536	0.424854372984007	0.741517380304619	0.251717012821225	0.00876652457960365	0.0140406938388774	-0.0333768707184996	0.0414028482215098	-0.114526453232659	0.0477727117956596	NPX
ATP6AP1	5334.26505670482	150.218179042079	-135.957653684866	169.45170629573	0.427219404388702	0.741517380304619	0.29092236713288	0.00370947089600766	0.00658347537399558	-0.0254876074285016	0.0317747530475495	-0.0877661234016986	0.0367909085446955	NPX
ATP6AP2	13471.8790318058	634.794328696456	-345.025017898992	693.088798482951	0.621414987861872	0.841161524147564	0.335327352407298	0.00128221704922357	0.00251340058405018	-0.0256107568279392	0.0514612285981876	-0.126474764880387	0.0752532512245085	NPX
ATP7A	1586.14671130834	63.6677723734316	-84.2559674505744	54.924034702826	0.133091755561235	0.391329490232288	0.591435212744373	2.42293984928798e-07	1.32588652863815e-06	-0.0531199080449977	0.0346929211223657	-0.121118033444834	0.0148782173548391	NPX
ATRX	5797.17349544129	291.233568009529	-202.296365503495	331.378940517597	0.545092897118771	0.816219852833139	0.276079580019389	0.00518001401206892	0.00875933699894916	-0.0348956893669949	0.0571890321192633	-0.146986192320751	0.0771948135867612	NPX
BCAP31	5429.314695518	223.254587451945	450.567986375923	206.143157294856	0.0349062704905833	0.158258053582618	0.556865835989827	1.06222101877661e-06	5.04235037828895e-06	0.0829880033934809	0.038121583805963	0.0082696991337934	0.157706307653169	NPX
BCOR	2553.66007479023	91.2612227047651	58.4524241369608	86.8329227945814	0.504815401856381	0.802005114239573	0.49464373485065	1.12455316789899e-05	3.85281694045393e-05	0.0228896651962428	0.0340131589199673	-0.043776126286893	0.0895554566793787	NPX
BCORL1	822.415638694704	42.4118499188161	11.1960161422013	51.7988914573781	0.830002125597774	0.940173688794949	0.168394347961144	0.043547365572733	0.0570021994540093	0.0136135739830666	0.0629877482729736	-0.109842412631962	0.137069560598095	NPX
BEX1	760.74441378214	344.35625423388	-713.218000430489	442.726184992189	0.115251613969653	0.350563226581679	0.0911669391907373	0.147951667531469	0.173490943474401	-0.937526437932858	0.72026326178798	-2.3492424310373	0.474189555171582	NPX
BEX4	640.929352810387	73.6413704349284	-186.167822593271	89.8584447398037	0.0449447618607698	0.194596001902674	0.219034726842365	0.0170345268777628	0.0250164571611173	-0.290465433946738	0.144117724381643	-0.572936173734758	-0.00799469415871801	NPX
BGN	71518.8385053198	5186.52195771426	3206.42761070109	6637.45878444159	0.631739449965991	0.846616813900002	0.0897732785414181	0.15090008896392	0.176423249411824	0.0448333289202199	0.0928640726126599	-0.137180253400593	0.226846911241033	NPX
BHLHB9	451.103487246537	16.5346391133757	4.90611897770608	20.1669448446767	0.809067229285424	0.931487057895324	0.168013198181814	0.0438380833650208	0.0571927312775437	0.0108758170052114	0.0447075829750297	-0.0767510456258468	0.0985026796362697	NPX
BRCC3	1858.47379758245	72.879804614299	53.6506331303036	65.0018756365969	0.414181604843287	0.741517380304619	0.561748738286691	8.68944730669754e-07	4.27955279854854e-06	0.0288681138254914	0.0349942598602827	-0.0397206355006626	0.0974568631516455	NPX
BRWD3	1037.12511217124	38.0149509915284	-78.8646039088487	46.21192287948	0.0958510934922592	0.324413218706842	0.230411163358262	0.0135896041423063	0.0205934770464181	-0.0760415527339264	0.0446448034209496	-0.163545367438988	0.0114622619711348	NPX
C1GALT1C1	1765.5312146597	99.5531921359504	-71.5895357583696	101.06377183366	0.482934340045613	0.783349520863822	0.429526209519208	9.48729835766254e-05	0.000252149888645364	-0.040548439565351	0.0572883430659139	-0.152833591974542	0.0717367128438402	NPX
CA5B	593.200437533955	62.7393144580142	228.023458785363	70.4912956209986	0.00248208110419763	0.0181099991676642	0.396790412308936	0.000248647954389728	0.00057627820017384	0.384395297706285	0.125594315667773	0.13823043899745	0.630560156415119	NPX
CASK	2871.7208907705	101.423795205849	210.320156541625	109.837893092176	0.062870707258748	0.250981455123135	0.378668830541051	0.000412219105575022	0.000912440042677295	0.07323836979338	0.0383354736934747	-0.00189915864583043	0.148375898232591	NPX
CCDC120	217.114921550436	14.583092199169	-32.63622277285	14.895434424528	0.0344904778523405	0.158258053582618	0.47272041980392	2.38712382231664e-05	7.4644983015298e-05	-0.150317732838406	0.0693451702447825	-0.28623426651818	-0.0144011991586328	NPX
CCDC22	666.097455877025	30.1541695447454	12.7371016411661	32.5805739108995	0.697967996494932	0.884242413565926	0.350129673207733	0.000880179818229052	0.00181565889205365	0.0191219791169983	0.0489202827468856	-0.0767617750668976	0.115005733300894	NPX
CD99	15028.619709026	1133.03339581854	8558.77100862412	1131.35548991656	3.63670544714678e-09	7.16430973087915e-08	0.758834769797832	1.31432095489123e-11	1.6704595362166e-10	0.56949814249966	0.0866633745667521	0.399637928348826	0.739358356650494	PAR1
CD99L2	5470.90396283428	195.966508859426	278.64871939155	248.438176288886	0.268890296492244	0.6019475955565	0.140255691491406	0.0700120724638129	0.0884126812523791	0.0509328478957967	0.0454474426383034	-0.038144139675278	0.140009835466871	NPX
CDK16	6725.02292114555	223.188745198057	1953.49566085313	216.332661170739	4.237784993069e-11	1.19263377662085e-09	0.753524802181713	1.98317758682692e-11	2.36779384609032e-10	0.290481636086434	0.0335818220820746	0.224661264805568	0.356302007367301	NPX
CDKL5	1291.16573885376	70.9821264197173	-73.3960273891305	64.20464416494	0.259942154820497	0.591539270307541	0.542735952328248	1.873582539354e-06	8.29428674725254e-06	-0.0568447761433697	0.0498242066156315	-0.154500221110007	0.040810668823268	NPX
CDR1	182.52852111924	17.9836103397268	-14.8554432580379	15.386187525735	0.340241058464808	0.680952981306256	0.594755965960291	2.08710972986187e-07	1.1581989205149e-06	-0.0813869699208999	0.0846752365161412	-0.247350433492537	0.0845764936507369	NPX
CENPI	859.930913710934	95.8147010919995	72.5682635422974	126.361231393203	0.569067986905601	0.827353456977148	0.0333562677508191	0.311784446287844	0.341230755103919	0.0843884809642874	0.147243992938917	-0.20420974519599	0.372986707124565	NPX
CETN2	3013.03867412604	125.707636542338	-7.81648952863817	99.7585498612026	0.937947042260707	0.996294905982751	0.650037986415851	1.40263462508391e-08	9.69540425058004e-08	-0.00259422144022278	0.0331091279223726	-0.0674881121680731	0.0622996692876276	NPX
CHIC1	737.110495359143	25.7540664546093	-58.7838668088578	26.4487506269051	0.0321137915656502	0.153523312554401	0.43819584767839	7.26681233908186e-05	0.000205980148316421	-0.0797490568631999	0.0359896876924299	-0.150288844740363	-0.00920926898603731	NPX
CHM	2490.40554603825	62.6523473511468	240.830901469051	72.6294673257975	0.00198284066264967	0.0150238311746918	0.390068007885949	0.000300605653678775	0.000684616344216401	0.0967034874509361	0.0292650069214178	0.0393440738849572	0.154062901016915	NPX
CHST7	318.555081362404	24.9126933506249	-38.2182855790724	29.3467464734917	0.200452373244159	0.509537000375475	0.254658568478557	0.0082386627372644	0.013249114769315	-0.119973868932241	0.0926011201027724	-0.301472064333675	0.0615243264691931	NPX
CLCN5	549.132555849847	33.259077208726	-46.1698482713735	36.6616322542122	0.215388940235318	0.537109129447564	0.3269812763659	0.00157731723759326	0.00303152678834998	-0.0840777837327824	0.0669567344928033	-0.215312983338677	0.0471574158731122	NPX
CMC4	573.976060666066	21.0133860048616	26.2732073657767	16.1894861118615	0.112677248978556	0.346834657012117	0.676185751778574	3.31656337200744e-09	2.61345193714186e-08	0.0457740473274934	0.0282555943158247	-0.00960691753152294	0.10115501218651	NPX
COX7B	2050.67691191709	96.4262247995568	-51.0618873906467	78.8619050772604	0.521111645247729	0.802518427361585	0.626828881771792	4.59319314555118e-08	2.87256841166216e-07	-0.0249000157430509	0.0384743430657088	-0.10030972815184	0.0505096966657382	NPX
CSTF2	1176.68414031804	71.7880898748187	-26.5489030045343	78.9657968636203	0.738516581533821	0.910961438431651	0.323626101776509	0.00171257714651277	0.00325968790205813	-0.0225624720303943	0.0671228615407921	-0.154123280650347	0.108998336589558	NPX
CTPS2	895.624998304953	52.4557417347921	225.668487859938	51.99025423512	9.76395037569798e-05	0.00101236748632237	0.600216233337504	1.62825495472085e-07	9.43430076705905e-07	0.251967607298852	0.0598956120016185	0.13457220777568	0.369363006822024	NPX
CUL4B	10497.7824744457	1107.60854950659	-906.406966297418	1428.96094756587	0.52958068810663	0.802518427361585	0.0727815422397013	0.190630522341916	0.218338447100916	-0.0863427079484495	0.136424768707365	-0.353735254614886	0.181049838717987	NPX
CXorf23	587.319174730497	26.0056542513751	0.86891762484393	36.0024714166091	0.980868039398751	0.996294905982751	-0.0713687172741393	0.781658714285354	0.806213438294318	0.00147946408397555	0.0612997046983572	-0.118667957124805	0.121626885292756	NPX
CXorf38	1147.81646411763	41.2427930052846	57.6340792721262	45.3264262576467	0.211069764635718	0.52969100169728	0.351262999705554	0.000854782007302718	0.00178840929522046	0.0502119294101883	0.0395304566098004	-0.0272677655450206	0.127691624365397	NPX
CXorf40A	530.476877520515	17.3155289516235	-16.4036458141693	22.4719923669847	0.469777002520424	0.78097948942214	0.0658485057121302	0.208933336307307	0.237918307818147	-0.0309224520601935	0.0423738928950558	-0.113975282134503	0.0521303780141158	NPX
CXorf40B	1015.76715405923	32.9368917619994	33.0004929174116	36.3301847289579	0.369272920945185	0.694472123464325	0.325482601793721	0.00163647620413001	0.00312995934187973	0.0324882457416881	0.035781763427438	-0.0376440105760904	0.102620502059467	NPX
CXorf56	848.405748725401	28.3115619312307	-36.2536000874754	33.6620085325388	0.28810240577592	0.630624154865069	0.214597038778897	0.0185757866553419	0.026517608486249	-0.0427314408724138	0.0397023962012776	-0.120548137426918	0.0350852556820902	NPX
CXorf57	223.824104032988	17.9996964844901	-53.4029364226841	22.3171926141946	0.0216279786682929	0.113263670526043	0.21805538655489	0.0173645429723909	0.0251530512173603	-0.238593321543302	0.101538003262286	-0.437607807937382	-0.0395788351492211	NPX
DDX26B	268.405883192741	16.248868096125	-40.2640000729927	19.8042656962261	0.0488889825686461	0.209372381870071	0.272577229397619	0.00559631464944477	0.00934299988085271	-0.150011615222604	0.0743415425447576	-0.295721038610329	-0.00430219183487926	NPX
DDX3X	21426.6758916506	704.31711934299	3490.96395424935	496.078412023957	1.90593942842713e-08	3.5759054038109e-07	0.820744784838388	4.69355370859989e-14	9.73294821678082e-13	0.162926063375499	0.023763718659625	0.116349174802634	0.209502951948364	NPX
DHRSX	503.478879643813	21.0761093816173	492.536338072618	26.0536986631301	3.07195083531353e-21	6.05174314556765e-19	0.916672388238961	1.89732316784467e-20	1.868863320327e-18	0.978266135852736	0.0659908016494646	0.848924164619786	1.10760810708569	PAR1
DIAPH2	1654.52719774672	79.1294971997214	-38.784763613535	59.114098506619	0.51561222035877	0.802518427361585	0.687863169817951	1.6725280908691e-09	1.40207674000516e-08	-0.0234415993078599	0.0357462808238367	-0.0935043097225798	0.0466211111068599	NPX
DKC1	3781.94671329188	189.544408380024	25.5966981856669	241.55751926579	0.916153115437749	0.995865273008752	0.0955293911254615	0.139013777562562	0.164478763842791	0.00676812766708368	0.063872112447668	-0.118421212730346	0.131957468064513	NPX
DLG3	545.389918091594	22.1031614063096	32.3472096416925	26.8192796471799	0.235038237153729	0.578781658991058	0.226280944137997	0.0147608820223223	0.0221976622778434	0.0593102449617707	0.0492332174443695	-0.0371868612291936	0.155807351152735	NPX
DMD	411.293701473924	29.003932533645	-63.4386696195544	37.0320015797961	0.0946387398134272	0.324240552056438	0.115809361492105	0.10293732421683	0.12634674685804	-0.154241772709413	0.0906924624296834	-0.331998999071593	0.0235154536527661	NPX
DNASE1L1	985.326256848767	183.705638522326	-116.426004473555	187.752585718927	0.53879643124391	0.810251121794277	0.416258117131954	0.000141334615396972	0.000352442015610171	-0.118159851789502	0.191817890864858	-0.494122917884624	0.257803214305621	NPX
DOCK11	2019.21266964782	84.9714629267124	-141.92037446819	119.494040829106	0.242143741405232	0.581735573863789	-0.0435521584755858	0.651056783952497	0.685872654752096	-0.0702850059339924	0.0592523972376158	-0.186419704519719	0.0458496926517346	NPX
DYNLT3	2882.04975358046	112.871801388945	-79.3440199938083	124.910198546672	0.529001968061202	0.802518427361585	0.315332428005427	0.00209374703643735	0.00387888904646615	-0.0275304129969431	0.0433541593450001	-0.112504565313143	0.057443739319257	NPX
EBP	888.432704436519	67.212644608125	12.0119649485758	73.1198540998294	0.870360964730036	0.967591078058638	0.339195376723936	0.00116344112526076	0.0022919790167637	0.0135203993376114	0.0823084297655922	-0.147804123002949	0.174844921678172	NPX
EDA2R	1349.24244208488	58.1396411271045	-178.921969816196	71.7368478706254	0.0169728689374898	0.0983427994319261	0.213357482205924	0.0190278143386153	0.0270648333913878	-0.132609206644672	0.0534744243965937	-0.237419078461996	-0.0277993348273484	NPX
EFNB1	1170.19188335744	69.4964965038207	-72.5914270028074	92.6081937369252	0.437859938963578	0.75334854127358	0.00738376842497146	0.41400406085105	0.44898727292776	-0.0620337809851599	0.0792250291661679	-0.217314838150849	0.0932472761805292	NPX
EIF1AX	7836.90611166799	642.924091140685	5184.07135244617	754.278765952903	3.20439208130315e-08	5.73877490924292e-07	0.664288249232574	6.48780805430915e-09	4.73369698777371e-08	0.661494635584297	0.110491942607355	0.444930428073881	0.878058843094714	NPX
EIF2S3	8726.48891492141	537.850950977665	3183.35968658031	371.995199707238	1.73537019114256e-10	4.27334909568856e-09	0.838832549410106	6.15256037246575e-15	1.73150627625108e-13	0.364792726790392	0.048194281073699	0.270331935885942	0.459253517694842	NPX
ELF4	2862.32987221479	79.9584613444593	38.4119978528398	76.5833031973169	0.618788769348609	0.841161524147564	0.492199377353708	1.2252940235043e-05	4.05685584252685e-05	0.0134198361361885	0.0267582086975137	-0.0390262529109383	0.0658659251833153	NPX
ELK1	3062.64838383929	88.9141685811261	-74.5741937415406	103.221985121942	0.474319313820852	0.783349520863822	0.249332634917263	0.00921650752913388	0.0146423547035433	-0.0243495773576383	0.0337109177230766	-0.0904229760948684	0.0417238213795918	NPX
EMD	3426.49778652659	86.8818650734919	185.881786579113	111.219936319073	0.102669193315674	0.331571001363734	0.151270947549651	0.0583671713038696	0.0749077051912855	0.0542483311415005	0.0324879117482584	-0.00942797588508596	0.117924638168087	NPX
ENOX2	1198.66694184109	35.9951501246917	-22.1985949972576	42.1515265391374	0.601427690944935	0.837323357711322	0.234087904588974	0.0126174606628902	0.0192685251983672	-0.0185194020310277	0.0351697338149331	-0.0874520803082965	0.0504132762462412	NPX
ERCC6L	808.970011040718	106.774018701534	83.908281688338	130.382919779371	0.523632054910958	0.802518427361585	0.17200403194048	0.040875567286335	0.0544086942932972	0.103722363676241	0.161751890832964	-0.213311342356368	0.42075606970885	NPX
F8	524.610870683628	24.1076536814203	-119.524533892288	31.3154759822769	0.000471621992928691	0.00395359713221073	0.256675653600526	0.00789341748497885	0.0127459282339413	-0.227834649588054	0.0606039850742244	-0.346618460333534	-0.109050838842574	NPX
F8A1	1285.20674470731	86.4459211817588	-188.206814201447	99.30201252455	0.0654824395881436	0.258000811977286	0.311333813502853	0.00230394881292209	0.00424184968360422	-0.146440885854757	0.0778907144296186	-0.299106686136809	0.00622491442729556	NPX
F8A3	299.913166613609	51.5932152220951	70.0628659482214	71.4689598791609	0.332967826395983	0.680952981306256	-0.0666297412713428	0.760325624959499	0.786268494052605	0.233610503797876	0.241663735286169	-0.240050417363015	0.707271424958767	NPX
FAM104B	341.681335308829	11.0500022196397	-0.389794328827517	12.8007885217009	0.975862827846791	0.996294905982751	0.249463100267383	0.00919135931092742	0.0146423547035433	-0.00114081247216855	0.0374641322365408	-0.0745705116557886	0.0722888867114515	NPX
FAM120C	732.972981566092	22.4895025916907	33.7713923195363	21.4577197072639	0.123598866643625	0.371740102729681	0.494779713259874	1.1191829180989e-05	3.85281694045393e-05	0.0460745391288221	0.029309025809476	-0.011371151457751	0.103520229715395	NPX
FAM122B	1431.29960646384	71.651301798723	135.236133211813	97.2717624431454	0.17232432017727	0.471498487151697	-0.0151615216705245	0.51489802254774	0.551276687184266	0.0944848532068888	0.0681248473850017	-0.0390398476677145	0.228009554081492	NPX
FAM122C	57.7720102585815	2.13712058352432	7.19261218179127	2.66878478870883	0.0103290275727069	0.0656393042523633	0.219109870645247	0.0170094366346379	0.0250164571611173	0.124499946420384	0.046424130289049	0.0335086510538481	0.21549124178692	NPX
FAM127A	7451.29844496882	283.167689094682	-418.425962120953	253.919700023814	0.107414519837693	0.338570566528407	0.557955480715683	1.01588392640843e-06	4.94146008648053e-06	-0.0561547715758825	0.0341439959469177	-0.123077003631841	0.0107674604800761	NPX
FAM127B	1860.45320238641	59.1526251581108	-43.9029239567701	53.2202266690149	0.414429064933611	0.741517380304619	0.547882382322519	1.52724992716289e-06	6.91651116439287e-06	-0.0235979727415103	0.0286158928040473	-0.0796851226374429	0.0324891771544223	NPX
FAM127C	1830.78377825869	44.4276734699525	-116.689332121834	56.0141040235762	0.0438348631946737	0.191899289985571	0.20946600341689	0.0205108519048729	0.0289651457007882	-0.0637373640227581	0.0306347669800539	-0.123781507303664	-0.00369322074185251	NPX
FAM156A	1155.92742754585	85.8345205062092	-79.8817796523838	82.4317506608632	0.338484150405909	0.680952981306256	0.502296857013748	8.56947573124826e-06	3.09759031019433e-05	-0.069106223927899	0.0714966116999794	-0.209239582859859	0.0710271350040606	NPX
FAM156B	477.834530038512	46.0184013825466	14.9999211893245	34.589660880658	0.666929618472419	0.875470478503116	0.684805380493268	2.00610610849842e-09	1.64667876405912e-08	0.0313914550882615	0.0724514680317441	-0.110613422253957	0.17339633243048	NPX
FAM199X	2002.02955680164	63.938295849266	35.4289142158382	74.4257769861695	0.636708855606054	0.850384030877238	0.243166507138769	0.0104779338416585	0.016382166403228	0.0176964990828797	0.037179459777516	-0.0551752420810517	0.090568240246811	NPX
FAM3A	1434.29961680542	76.7141991011697	-1.90473341297723	79.4908130186561	0.981005360052648	0.996294905982751	0.399528621108204	0.000229975847165114	0.000536156708775474	-0.00132798851136807	0.0554213899029279	-0.109953912721107	0.107297935698371	NPX
FAM50A	3215.7695308219	98.0833944328485	-51.8656855830919	104.748071258724	0.623274753042235	0.841161524147564	0.362199962708079	0.000642101398307201	0.00139004368644526	-0.0161285456205675	0.0325769664466882	-0.0799793998560763	0.0477223086149414	NPX
FAM58A	940.934168019184	34.4440348773965	14.6229820122778	45.1386381231115	0.74770153471231	0.913139086697388	0.0535057948008713	0.244653253674463	0.275409662707824	0.01554091934302	0.047975526362208	-0.0784911123269076	0.109572951012948	NPX
FANCB	281.629248193314	29.8620110295358	12.6628364733812	37.8669846766916	0.739867158117077	0.910961438431651	0.101755801209523	0.127002624844775	0.151175329875654	0.044962789037768	0.134541357681172	-0.218738272017329	0.308663850092865	NPX
FGD1	1769.39693422336	49.6943211950812	133.574240354857	54.1426770736675	0.0181186197867556	0.101981945656882	0.403052195264297	0.000207858544687752	0.000487477777422465	0.0754913935766973	0.0306728745131812	0.0153725595308622	0.135610227622532	NPX
FGF13	438.143367042426	68.7806592832004	-31.4026723387754	93.7104114192537	0.739342961073107	0.910961438431651	-0.0217177135398687	0.54578922980057	0.579625219788207	-0.071672139078017	0.214176435721646	-0.491457953092442	0.348113674936408	NPX
FHL1	9123.72252288147	1633.09517711562	-117.04382943091	2098.6206083073	0.955808356509782	0.996294905982751	0.0791485370973448	0.174906796327825	0.202686111038715	-0.0128285169937352	0.230029483208161	-0.463686304081731	0.438029270094261	NPX
FLNA	205728.989509771	14945.426852366	-8256.65578403178	16109.8307368856	0.611175838106064	0.841161524147564	0.350378222082542	0.000874551124608539	0.00181354285839876	-0.0401336525479782	0.0783603385433286	-0.193719916092902	0.113452610996946	NPX
FMR1	2226.84940067572	57.8881598054778	100.437288878492	54.7753119699537	0.0743497399766823	0.276356580668046	0.511468584880618	6.14774772728526e-06	2.42221260455039e-05	0.0451028654420976	0.024625600093913	-0.0031633107419719	0.0933690416261671	NPX
FOXO4	527.772396160344	32.193327482097	-22.5671826742191	39.6721328638923	0.572724730946125	0.82960861762049	0.173283764790669	0.0399629788221216	0.0535558287616188	-0.0427593084412905	0.0752142558888352	-0.190179249983407	0.104660633100826	NPX
FTSJ1	3060.92268482716	154.519321965799	19.0626403932168	169.490472260432	0.911027455136708	0.994306973196296	0.33200054788278	0.00139317027463759	0.00271578286308621	0.00622774318597113	0.0553732392184055	-0.102303805682104	0.114759292054046	NPX
FTX	134.597453810042	7.54959935187375	-3.35878598986596	8.84973294876683	0.706349255616475	0.886310849404112	0.235673286479571	0.0122178098521857	0.0188412908335859	-0.024954305559199	0.0657645279884261	-0.153852780416514	0.103944169298116	NPX
FUNDC1	611.591589425252	20.7418088779855	23.6853873946279	14.7199598271932	0.11566806968431	0.350563226581679	0.730316402074945	1.08097031065592e-10	1.03878610341081e-09	0.0387274576762679	0.0241040940889234	-0.00851656673802197	0.0859714820905578	NPX
FUNDC2	2034.27415358179	53.0742935496028	24.5113723756184	59.9833144264627	0.685041644626326	0.878123528131565	0.30467046686311	0.00269745996139507	0.00492036678143359	0.0120491981537792	0.0294880231372145	-0.0457473271951612	0.0698457235027196	NPX
G6PD	5058.32885503511	229.27520171245	-343.100756706606	198.921735550416	0.0924811405032283	0.324240552056438	0.583526157478387	3.43847038308398e-07	1.80634310791345e-06	-0.0678288752153946	0.0394455785429419	-0.145142209159561	0.00948445872877143	NPX
GABRE	723.601090940652	85.7038838434046	-40.1816178821977	69.6165467641981	0.567131784629536	0.827353456977148	0.640236923902069	2.33809379662303e-08	1.51017861617947e-07	-0.0555300681345895	0.0964330082193748	-0.244538764244564	0.133478627975385	NPX
GDI1	7996.60710990496	328.911024230274	-410.68538184442	359.061054646841	0.259688686402564	0.591539270307541	0.345917718907439	0.000980778356678818	0.00199189006459512	-0.0513574540051776	0.0449513366189824	-0.139462073778383	0.036747165768028	NPX
GEMIN8	508.752877159982	29.9408419635307	291.939389457606	36.4727679055575	9.34095330414224e-10	1.93701873780634e-08	0.675747770663918	3.40107995073353e-09	2.62750098154708e-08	0.573833392525077	0.0792465058603276	0.418510241038835	0.729156544011319	NPX
GK	660.888676732733	53.0232673057999	87.1920868362507	72.9672938018155	0.239323868386002	0.580089265245843	-0.0507934546262552	0.68597900533373	0.718818425801835	0.131931579259772	0.110914075641875	-0.0854600089983033	0.349323167517848	NPX
GLA	873.149463174897	53.720711463185	55.6995616447993	68.5421028897464	0.421361671853902	0.741517380304619	0.101982738171795	0.126581017871378	0.151130063761584	0.0637915545893686	0.0785979045627538	-0.090260338353629	0.217843447532366	NPX
GNL3L	782.539995293367	52.9007590601073	-55.1755115003426	41.9544849789411	0.196147314337053	0.508434485847361	0.65271336090746	1.21676519922307e-08	8.71646342716163e-08	-0.0705082319526145	0.0538246772256719	-0.176004599314931	0.0349881354097025	NPX
GPC4	1406.30783414261	224.896847815878	-63.0411842739007	290.014092978655	0.829051051953733	0.940173688794949	0.086766200623393	0.157418069329961	0.183389747919197	-0.0448274429988761	0.206348327060801	-0.449270164038046	0.359615278040294	NPX
GPKOW	1260.87709465349	39.154084545935	-67.4369961241546	33.6160366564278	0.0518172093664174	0.219526671939446	0.590540687157876	2.52172907705045e-07	1.3610428169286e-06	-0.0534841947800529	0.0267125168776598	-0.105840727860266	-0.00112766169983974	NPX
GPR173	341.18524585385	21.8434354151771	-18.4701450335535	26.2878479592857	0.486470761743149	0.785530656257379	0.211403446911278	0.0197601856428023	0.0280054429613817	-0.0541352396037238	0.0771265196225154	-0.205303218063854	0.0970327388564064	NPX
GPRASP1	242.333744070243	19.2209836860428	-5.98046640678795	22.752753728667	0.794053032157775	0.930222676354659	0.218314326916267	0.0172767385013006	0.0251530512173603	-0.0246786366039657	0.0939105606643193	-0.208743335506031	0.1593860622981	NPX
GPRASP2	900.489591108549	32.526890179453	-16.5121867032588	39.3003912401476	0.676679413735006	0.875470478503116	0.188088462045552	0.0306224571866805	0.0417482634309762	-0.018336899022821	0.0436483856340962	-0.103887734865649	0.0672139368200075	NPX
GRIA3	2306.65064261309	149.971339484072	250.942469224117	215.133891048734	0.250516888708368	0.591054770775556	-0.13139768383496	0.973474027085299	0.973474027085299	0.108790843566946	0.0935346145594787	-0.0745370009696321	0.292118688103524	NPX
GRIPAP1	1419.62726676806	48.4632704051539	-165.015221077357	43.8436290872069	0.00055112112064082	0.00452378586526006	0.621646906707961	5.92119998407401e-08	3.64523874019556e-07	-0.116238413378064	0.0311377841651893	-0.177268470341835	-0.0552083564142925	NPX
GRPR	184.9802454615	36.0884443158493	-23.7658333344159	50.3694924241576	0.639677443336788	0.851462542819913	-0.0890685137782459	0.855429266835227	0.875426314631375	-0.128477682982436	0.273447805279243	-0.664435381329752	0.407480015364879	NPX
GSPT2	918.30066329435	23.9666525352882	-59.2621524876147	24.8100872016106	0.0218478146192367	0.113263670526043	0.411416060952183	0.000163010118496646	0.00040141241679799	-0.0645345853013055	0.027069838814612	-0.117591469377945	-0.011477701224666	NPX
GTPBP6	1041.71327084392	58.8476182594282	685.141518376405	65.3381425708952	6.5595217732561e-13	2.15370964888575e-11	0.79464638025353	6.24555168854349e-13	1.06989015882006e-11	0.657706431848904	0.0729005559661248	0.5148213421553	0.800591521542509	PAR1
GYG2	191.081299758905	23.3785101660747	8.99698780152068	29.4792719677462	0.761839014526787	0.917934470102612	0.169437460835066	0.0427602286394491	0.0561584336131432	0.0470846064626551	0.154383586497732	-0.2555072230729	0.34967643599821	NPX
HAUS7	504.584853366946	32.8695356186701	-18.7027330422637	46.3349409916792	0.688680635006735	0.878123528131565	-0.110238786023156	0.926535565327853	0.931262787599934	-0.0370655855352492	0.0918595856570125	-0.217110373422994	0.142979202352495	NPX
HCCS	1652.14567525987	66.3865756110095	-12.0640904930318	59.1391528690978	0.839418200264327	0.942252908558818	0.557124917131576	1.05102728660528e-06	5.04235037828895e-06	-0.00730207431081053	0.0357965647296755	-0.0774633411809746	0.0628591925593535	NPX
HCFC1	4661.01667242517	212.847667920382	-118.844788548436	261.851601435496	0.652443039359381	0.862626031904685	0.166384713729263	0.0450991125689136	0.0586437305351549	-0.0254976106932912	0.0561911391032496	-0.13563224333566	0.084637021949078	NPX
HDAC6	1365.5750573122	50.2379102358116	-46.2283309657528	52.0779222348976	0.380156875537195	0.703200981040633	0.431265059688315	8.99683853406456e-05	0.00024113975390622	-0.0338526474383194	0.0381565874723436	-0.108639558884113	0.0409342640074741	NPX
HDAC8	824.824972303396	17.3386442948205	-21.7747071158321	20.4119957028429	0.292639481540296	0.633516240257564	0.225840795502263	0.0148908572176571	0.0222234763021094	-0.0263991850962324	0.0247532844569272	-0.0749156226318097	0.0221172524393449	NPX
HDX	327.534654892994	12.2893162341629	-22.5108309360051	11.7651059897776	0.0630638681654578	0.250981455123135	0.490306185638086	1.30904897838707e-05	4.29804414570423e-05	-0.0687280890730766	0.0360126315862175	-0.139312846982063	0.00185666883590982	NPX
HEPH	4100.19993957938	355.509743144028	-130.628987720737	479.766981528361	0.786846261682661	0.929936806679381	-0.0168632405520119	0.522863639986855	0.558288005839623	-0.0318591750757738	0.117043232992491	-0.261263911741057	0.197545561589509	NPX
HMGB3	2607.82665318766	213.478138327425	318.204230876835	271.615619835004	0.248495928913214	0.591054770775556	0.121745676415348	0.0939578403855545	0.116780407293087	0.122018934996266	0.104631878535956	-0.0830595469342089	0.32709741692674	NPX
HMGN5	161.914733193654	8.8382230519319	-31.9568777257843	6.50556242473111	1.65142446976092e-05	0.000197170073056303	0.74169174858239	4.8027051731867e-11	4.85196368778349e-10	-0.197368559954104	0.041598262257461	-0.278901153978727	-0.11583596592948	NPX
HNRNPH2	7214.2133561629	167.464573831304	39.5272191151603	189.842811909235	0.836148366592497	0.94126416124984	0.283131288470473	0.00442578693275187	0.00764807040133437	0.00547907542565169	0.0263154165096297	-0.0460991409332225	0.0570572917845259	NPX
HPRT1	2047.15522117501	96.9426106442207	100.479728593655	123.610244871444	0.421224216100837	0.741517380304619	0.112918342792196	0.107557796441863	0.131607986950602	0.0490826135479765	0.0604261902687701	-0.0693527193788129	0.167517946474766	NPX
HSD17B10	2105.36823302326	98.3856658766736	-52.6955690713574	124.019513653222	0.67324663754462	0.875470478503116	0.111372483144848	0.110096821625892	0.133883171977165	-0.0250291460870424	0.0589179398020698	-0.140508308099099	0.0904500159250144	NPX
HTATSF1	4577.42790705044	192.24068319133	65.5015369365359	129.726350433775	0.616455846710278	0.841161524147564	0.750243318913045	2.54553714244115e-11	2.94982833565239e-10	0.014309681827134	0.0283468176519037	-0.0412500807705972	0.0698694444248653	NPX
HUWE1	13962.3626571338	974.177232590391	-524.445427404237	881.861597469348	0.555477072658486	0.821649346280743	0.544786713718282	1.72757888423587e-06	7.73484182260153e-06	-0.0375613669607902	0.063214259928713	-0.161461316421068	0.0863385824994873	NPX
IDH3G	2429.26439378192	105.504311879484	76.6254122969689	76.3551697125629	0.321786857879012	0.665275479164794	0.711035664417261	3.95230597208491e-10	3.70763941190823e-09	0.0315426400243232	0.0314612346082111	-0.0301213798077705	0.0932066598564169	NPX
IDS	5472.43572077051	176.049170564096	-140.7856559745	224.650459634485	0.534515489761517	0.806893114812405	0.109035199123737	0.114027899747635	0.137812860431191	-0.0257263242837465	0.0410596160885606	-0.106203171817325	0.0547505232498323	NPX
IGBP1	2596.2774006762	83.8728770276215	13.912490226099	109.79539064078	0.899818699944527	0.987544757042183	0.0465550997246876	0.26657024782918	0.29669117978728	0.00535863009957084	0.0422898995691606	-0.0775295730559839	0.0882468332551256	NPX
IKBKG	1346.21736904874	47.3506168966249	-32.2816765358688	54.6965966905258	0.558464180872283	0.821649346280743	0.270653462640849	0.00583764773472628	0.00970478146616943	-0.0239795424409652	0.0406385937639653	-0.103631186218337	0.0556721013364068	NPX
IL13RA1	10243.8415417495	308.648155830595	-11.3464740178949	410.203567722562	0.978073913661531	0.996294905982751	0.0361251459911781	0.301910660885693	0.332270392147941	-0.00110763857207783	0.0400439335683884	-0.0795937483661192	0.0773784712219635	NPX
IL13RA2	1000.7060240229	375.216433184644	1899.36942729297	467.079365246632	0.000224371421721283	0.00210481762281394	0.409090846107881	0.000174480300982622	0.000421749929982534	1.89802937295949	0.851075011058858	0.229922351284133	3.56613639463485	NPX
IQSEC2	836.17835477214	47.3500162148304	3.43994254788981	56.8865968396685	0.952089988464843	0.996294905982751	0.195185717462911	0.026865115848215	0.0372706184654814	0.00411388614433484	0.0680320532347596	-0.129228938195794	0.137456710484464	NPX
IRAK1	6963.62243630518	272.886208309979	-81.1754312147629	381.931667150092	0.832793445150856	0.940173688794949	-0.0955856271213178	0.87960025025199	0.890906166064997	-0.0116570695722317	0.0548485960691919	-0.119160317867848	0.0958461787233845	NPX
JADE3	737.926102593669	45.496774663907	125.689073949625	35.0403418654987	0.000920480614463625	0.00725338724197337	0.710114618952685	4.1951779072763e-10	3.84395371038805e-09	0.17032745353207	0.0486322637802329	0.0750082165228135	0.265646690541327	NPX
JPX	615.69165618628	28.6429108268927	243.578197006672	28.8073184738896	2.36149650523673e-10	5.47311542978396e-09	0.749034274497672	2.78837898745533e-11	3.00269155012339e-10	0.395617180384488	0.0502782420898991	0.297071825888286	0.494162534880691	NPX
KANTR	26.863546001224	2.18507695975853	0.711788889118167	2.72963949412103	0.795647314547006	0.930222676354659	0.149542803289505	0.0600772113203889	0.0766033050492985	0.0264964606342638	0.101634141404684	-0.172706456518917	0.225699377787445	NPX
KCND1	373.291555705369	21.5925304840572	-84.3803093068088	25.863121723935	0.00229885164163651	0.0170895763548073	0.290552525899178	0.0037409330369401	0.00660954088140986	-0.226043980950398	0.0705069473775839	-0.364237597810462	-0.0878503640903335	NPX
KDM5C	5064.91501176333	156.838365102804	2424.65948881001	183.041448353675	5.11678510810886e-16	2.52001666574361e-14	0.842670512139722	3.87970555619371e-15	1.17584922241563e-13	0.478716717492535	0.0390612143485965	0.402156737369286	0.555276697615784	NPX
KDM6A	1230.09392841432	31.0358068569725	548.775884044466	29.4016459742738	4.81599595432239e-21	6.32500802001008e-19	0.918337705965082	1.28451589353936e-20	1.68699754018169e-18	0.44612518716508	0.0264196771433255	0.394342619964162	0.497907754365998	NPX
KIF4A	2152.66595804598	230.243191066719	298.263000044362	304.65208287115	0.333600401289518	0.680952981306256	0.0367342744900527	0.299766058625852	0.33176355926569	0.138555171056406	0.142296946380307	-0.140346843848995	0.417457185961806	NPX
KLHL15	826.345755219818	29.4215947225477	25.0584965925518	27.5713732872327	0.369006957809699	0.694472123464325	0.509366254220782	6.63822520596169e-06	2.58956508034545e-05	0.0303244694297315	0.0333828845733799	-0.0351059843340931	0.0957549231935561	NPX
KRBOX4	626.086321562486	21.6761635512504	4.18223567937278	17.2927241792754	0.810164036406015	0.931487057895324	0.644398312791151	1.88557259265174e-08	1.25917898560133e-07	0.0066799665402934	0.0276213195828557	-0.0474578198421039	0.0608177529226907	NPX
LAGE3	393.806872096244	22.0014487465345	-54.8910854178758	21.9429802506962	0.0166717214933969	0.0980396756477371	0.493907505907449	1.15405002578393e-05	3.91979060481782e-05	-0.139385798743656	0.0562616893631887	-0.249658709895506	-0.0291128875918062	NPX
LAMP2	13138.1118888221	433.502576492941	-427.08966956936	579.526613775483	0.465555446334745	0.780548280237828	0.00719648061283429	0.414800424735291	0.44898727292776	-0.0325076900838947	0.0441233817137582	-0.118989518242861	0.0539741380750713	NPX
LAS1L	1788.63689572727	80.4434551685592	63.4638959300852	95.7843586710225	0.511502522548293	0.802518427361585	0.21485880001923	0.0184815564406476	0.0264790299549642	0.0354817101680554	0.0535753660114247	-0.0695260072143371	0.140489427550448	NPX
LDOC1	1800.80128715203	88.7766237880834	-401.743471628975	103.407138269739	0.00038553105222662	0.00330215727341931	0.352922555534525	0.00081880667973605	0.00172518626639574	-0.223091506261823	0.0584665772475032	-0.337685997666929	-0.108497014856717	NPX
LINC01420	1519.37969431725	40.964878041367	-135.778377949302	49.3696254198245	0.00898159160051291	0.0580122473869195	0.226027939330105	0.0148354699075575	0.0222234763021094	-0.089364349449408	0.0325824843208728	-0.153226018718319	-0.0255026801804973	NPX
LRCH2	637.01382894614	39.360786158614	-36.9653339795443	40.6387190351678	0.368616343463071	0.694472123464325	0.403800802590119	0.000203421098939041	0.000480399188821067	-0.0580290918341582	0.0638963455254129	-0.183265929063967	0.067207745395651	NPX
MAGED1	31572.8762818265	1210.01111165457	-809.817870809866	1186.52071885725	0.498947678547141	0.79758219659723	0.46241790996881	3.35749765166029e-05	9.94627123875305e-05	-0.025649163654944	0.0375932347616835	-0.0993319037878437	0.0480335764779558	NPX
MAGED2	15538.8286132758	549.524032200359	-1386.25925905475	653.843167519057	0.0404071262363421	0.178880985810323	0.228704178836391	0.0140632375930961	0.0212295617305742	-0.0892125972655611	0.0421961339026883	-0.17191701971483	-0.00650817481629198	NPX
MAGED4B	6487.60318578887	264.286456165872	-1441.51717490141	301.604761928999	2.50518464644027e-05	0.000282012214484991	0.466737621456597	2.91283098303245e-05	8.96605786964677e-05	-0.222195645081847	0.047362388359508	-0.315025926266483	-0.129365363897212	NPX
MAGEE1	200.831305144273	10.0022592302138	61.7181437632476	12.3940412884306	1.3354052121766e-05	0.000164421766749243	0.437483573642935	7.4291553795831e-05	0.000207368510163571	0.307313362918748	0.0635833214379986	0.182690052900271	0.431936672937225	NPX
MAGEH1	1417.34855846149	54.7981431868066	0.331843120483878	64.2008135383691	0.99590223799653	0.997647210470783	0.233284154463756	0.0128245024287306	0.0195090886367562	0.000234129507877787	0.0452964194566334	-0.0885468526271236	0.0890151116428791	NPX
MAGT1	6996.08681139808	189.522136437838	-152.077768085074	185.310886741625	0.416826435204788	0.741517380304619	0.466211849892372	2.96385381614816e-05	8.9841220435016e-05	-0.0217375473153518	0.0264943360817676	-0.0736664460356163	0.0301913514049127	NPX
MAMLD1	1866.16897829296	217.688240277776	-0.999062696361706	306.595364019121	0.997416652682749	0.997647210470783	-0.109436057947038	0.924253950479538	0.931262787599934	-0.000535354894429538	0.164291331457436	-0.322546364551005	0.321475654762146	NPX
MAP7D3	3047.82715508564	132.711651279352	-90.0358694779019	152.718034301844	0.55888838782548	0.821649346280743	0.260634193419869	0.00725350536018167	0.0118094260822792	-0.0295410024573299	0.0501236911158136	-0.127783437044325	0.0687014321296648	NPX
MBNL3	546.956513235348	46.8465419107216	-96.6621002352767	38.8796990104819	0.017302749327911	0.0988012063072022	0.640324794981535	2.3275625971955e-08	1.51017861617947e-07	-0.17672721303473	0.0726774416878991	-0.319174998743013	-0.0342794273264482	NPX
MBTPS2	3104.1858511015	137.297519307951	480.282416235995	81.8157041624761	7.84196323846756e-07	1.28738896498176e-05	0.834309151729861	1.04450334055115e-14	2.5720894761072e-13	0.154720896000982	0.0272304865379633	0.101349142386574	0.20809264961539	NPX
MCTS1	2242.12883432798	79.0988723463907	-5.23830465913805	95.7169967815737	0.956635352517807	0.996294905982751	0.190197265890286	0.0294607978563012	0.0403040081784121	-0.00233630850240954	0.0426903100796963	-0.0860093162586143	0.0813366992537952	NPX
MECP2	3265.64492121751	96.1624596534164	-93.9080698176955	87.9374116101925	0.292132967937949	0.633516240257564	0.538186838621193	2.23975692982596e-06	9.80515811501585e-06	-0.0287563627042111	0.0269413489739893	-0.0815614066932302	0.0240486812848079	NPX
MED12	1766.21446059228	94.3977521331635	-74.4105858864471	112.567258926896	0.51247797172847	0.802518427361585	0.215096499796151	0.0183963552546896	0.0264531531764515	-0.0421299833891601	0.0637733935242647	-0.167125834696719	0.0828658679183988	NPX
MED14	3549.18926245866	128.012570260878	141.664893699987	73.4005311277239	0.0608997449718569	0.247365974421769	0.822532232646982	3.87666655005573e-14	8.48559233734421e-13	0.0399147194539438	0.0207309771256757	-0.000717995712380459	0.0805474346202681	NPX
MID1	1737.70887096278	240.011719294089	10.2631032158622	324.062268517689	0.974896619969133	0.996294905982751	-0.0192443687784485	0.534073293407314	0.568715885412113	0.00590611200032367	0.186490023882213	-0.359614334808814	0.371426558809462	NPX
MID1IP1	2434.45333289073	108.565311035831	-179.376751602683	121.673276067488	0.148441493060968	0.417756773328723	0.321257832795257	0.00181435921095969	0.00343681504383711	-0.0736825591105854	0.0500876105817587	-0.171854275850833	0.0244891576296617	NPX
MID2	509.318244967211	29.215740474362	141.398774536386	36.1161139422517	0.000352666080734374	0.00308778746242985	0.403766758756709	0.000203620975972381	0.000480399188821067	0.277623619286384	0.0726769468175899	0.135176803523908	0.42007043504886	NPX
MMGT1	3651.33740842454	196.035969263969	32.6058998675854	120.145664158965	0.787525245875268	0.929936806679381	0.790890437808144	8.81293130426909e-13	1.44678955578418e-11	0.00892985123542827	0.032908056232888	-0.0555699389810322	0.0734296414518888	NPX
MORC4	2052.94597243625	72.0388383758873	104.360203964662	91.7848298051152	0.26247232368145	0.591539270307541	0.177569126308508	0.0370342466232275	0.0499708670190125	0.050834364550187	0.0447444095183283	-0.0368646781057365	0.138533407206111	NPX
MORF4L2	21407.9355671362	460.384890074186	-3.61604007681925	559.666092962727	0.994877787789069	0.997647210470783	0.180539392307963	0.035115265059357	0.0475443794961741	-0.000168911199563321	0.0261429270753434	-0.0514090482672364	0.0510712258681097	NPX
MOSPD1	1120.56650046642	33.2264986443887	1.38053811070758	33.3981506220326	0.967239118573065	0.996294905982751	0.435508996624761	7.89701926959263e-05	0.000217582209246119	0.0012320001625365	0.0298047243912055	-0.0571852596442262	0.0596492599692992	NPX
MOSPD2	2254.19946950155	103.885503954317	19.2067141966329	129.151462165495	0.882545117776412	0.974013379282651	0.135813985574978	0.075232075779092	0.0947010794152148	0.00852041465562045	0.0572950606564425	-0.103777904231007	0.120818733542248	NPX
MPP1	843.941955601339	37.474962189086	191.513768592427	40.8773226312737	3.36488975880227e-05	0.000368268490268915	0.585361504053837	3.17228824453958e-07	1.68902914641702e-06	0.226927654587295	0.04947324669928	0.129960091056706	0.323895218117884	NPX
MSL3	1847.06441942453	56.7865773457847	1.51385898029956	63.57180302163	0.981122902338343	0.996294905982751	0.29908730844165	0.0030733795250046	0.00555464005895327	0.000819602697328346	0.0344177600902767	-0.066639207079614	0.0682784124742707	NPX
MSN	54523.6724467252	4272.87853321623	4670.47122744143	3153.46725019376	0.146625479600219	0.416352268392738	0.704427556519531	6.03635892417527e-10	5.28516759138901e-09	0.0856595129758532	0.058224932412594	-0.0284613545528312	0.199780380504537	NPX
MTM1	686.071448769123	20.1104556941932	52.6335113820005	20.8832639885001	0.015926048059139	0.0950736808378905	0.462923670752971	3.30234319012253e-05	9.85699406748695e-05	0.0767172449406399	0.0305218601359896	0.0168943990741003	0.136540090807179	NPX
MTMR1	1301.26403900722	40.1359261071234	50.3088422960308	51.9428774844854	0.338742323623542	0.680952981306256	0.0639121233377582	0.214269428303848	0.243291512252784	0.0386615174076533	0.0399350541879583	-0.039611188800745	0.116934223616052	NPX
MXRA5	37621.1769770316	7116.52991749569	4243.68829762948	10130.237675076	0.677577977959156	0.875470478503116	-0.130975039944677	0.972789608488223	0.973474027085299	0.112800519245326	0.270113662628101	-0.416622259505751	0.642223297996404	NPX
NAA10	2559.35758282059	124.59641090505	568.620604421203	130.835356685368	9.60124193910654e-05	0.00101236748632237	0.581641097411188	3.7336107153418e-07	1.93558239716404e-06	0.222173176674493	0.0522520795965558	0.119759100665244	0.324587252683743	NPX
NAP1L3	677.504986987264	35.4148570416705	-73.5228280347	43.7282567962883	0.100686049434634	0.327971741845077	0.170307450455441	0.0421131514146033	0.0554935841383067	-0.108519980585888	0.0647918768688133	-0.235512059248762	0.0184720980769862	NPX
NDUFA1	1347.61558039867	83.4353918192313	17.0449484790835	46.5648754497641	0.716307972414929	0.895953463909467	0.827242107661105	2.31988459395285e-14	5.37667370598484e-13	0.012648227526459	0.0345624026237011	-0.0550940816159952	0.0803905366689132	NPX
NDUFB11	2293.34511190987	99.6498480606873	-127.853873710964	94.30622709812	0.182983854982112	0.490446522877226	0.507850265736428	7.01437087467697e-06	2.6831671112842e-05	-0.0557499492976394	0.0411929797477031	-0.136488189603138	0.0249882910078587	NPX
NGFRAP1	4570.06609739879	182.741875271626	-483.585585157228	189.077492177893	0.0145407761034104	0.0881394736114413	0.429142385024385	9.59885638842889e-05	0.000252149888645364	-0.10581588424563	0.0415888337578453	-0.187329998411007	-0.0243017700802532	NPX
NHS	859.975169452376	45.9460489725108	41.7276106597803	61.2901171551298	0.500007113095218	0.79758219659723	0.00613728627874155	0.419318880777809	0.452634627469744	0.0485218784704587	0.0713167684596676	-0.0912589877104898	0.188302744651407	NPX
NHSL2	1722.39326497151	154.08248997733	-43.7767860455959	200.826582022459	0.828578903304172	0.940173688794949	0.0499530303574298	0.255692552093159	0.286201322513366	-0.0254162547751951	0.11661957011839	-0.25399061220724	0.20315810265685	NPX
NKAP	1084.20352685667	43.2614034105653	11.7409480160794	23.548641324339	0.620873783962904	0.841161524147564	0.838205975259149	6.62652389142826e-15	1.74056694214849e-13	0.0108290996341977	0.0217240585594171	-0.0317500551422598	0.0534082544106552	NPX
NKRF	869.786819207206	33.6122217138023	-26.2692225244824	31.1153541668133	0.403677356947361	0.732944141185531	0.521606016489959	4.2230661259935e-06	1.68069500367822e-05	-0.0302019091855477	0.0357925746915486	-0.100355355580983	0.0399515372098876	NPX
NONO	21139.4392311723	851.474248890807	-30.2819406980059	675.041795425692	0.964448322538513	0.996294905982751	0.648547242771605	1.51749056946439e-08	1.03084704201547e-07	-0.0014324855246563	0.0319328668085878	-0.0640209044694884	0.0611559334201758	NPX
NSDHL	1300.5320414162	74.9351105213472	125.162765489967	75.9521494932329	0.107404458008427	0.338570566528407	0.457136335075771	3.98710866980045e-05	0.000117232896709058	0.0962396630794823	0.0586635001454538	-0.0187407972056072	0.211220123364572	NPX
NUDT10	77.583328550701	7.01179958666794	-7.75480747670325	8.40702450453051	0.361981154274563	0.694472123464325	0.21810992228865	0.0173460175165317	0.0251530512173603	-0.0999545601041782	0.108737123530079	-0.313079322223133	0.113170202014777	NPX
NUDT11	961.206626495232	27.585637118873	-54.0974298198614	31.2730178498292	0.0915662895585063	0.324240552056438	0.293181615773081	0.00352244668584636	0.00630838179192485	-0.0562807499747608	0.0325752351155055	-0.120128210801152	0.00756671085163006	NPX
NXT2	811.196535470149	23.8098606508206	-7.03583995956666	27.6546505353737	0.8005093939722	0.931487057895324	0.259230931739113	0.00747478765337326	0.0121196145490908	-0.00867340977422797	0.0340921347515241	-0.0754939938872152	0.0581471743387592	NPX
OCRL	3911.44556809574	140.433398768168	93.0976513932197	96.6778329314239	0.341496730545304	0.680952981306256	0.738188977977272	6.18981512942649e-11	6.09696790248509e-10	0.0238013414152005	0.0247314184027814	-0.024672238654251	0.072274921484652	NPX
OFD1	722.646516637015	30.1880044478144	158.461656352493	38.0124498999904	0.000164836215179268	0.00158403582391784	0.422839767810375	0.000116142638757807	0.000301053945201158	0.219279623860816	0.0533933604192411	0.114628637439103	0.323930610282528	NPX
OGT	4216.8332344222	236.239640064101	-240.88321099185	294.486349131714	0.418339748212139	0.741517380304619	0.172232049287293	0.0407116591213423	0.0543742159112165	-0.0571241966662352	0.0699091897850383	-0.19414620864491	0.0798978153124398	NPX
OPHN1	957.374192468534	75.0101060643216	12.2086966359913	62.1542788953023	0.845296996586713	0.94615629731581	0.618211360132368	6.9925130437984e-08	4.23853867577934e-07	0.0127522725513541	0.0649293030423951	-0.11450916141174	0.140013706514448	NPX
OTUD5	3591.72699738199	85.0849410935029	-108.900652360912	82.4901194300592	0.194475789592652	0.508434485847361	0.480643628299137	1.82642473181427e-05	5.89845364208872e-05	-0.0303198579514228	0.0229779292468631	-0.0753565992752745	0.0147168833724288	NPX
PABPC5	235.464160640639	12.3242731808435	4.53610205857353	16.4489806356168	0.784182274155572	0.929936806679381	0.00921464388647253	0.406260582840633	0.442173120550302	0.0192645116192287	0.0698649592557903	-0.11767080852212	0.156199831760578	NPX
PBDC1	1221.63203410051	49.9024362768175	0.467206281712121	46.3539762994103	0.992009562394564	0.997647210470783	0.522122291388303	4.14206272879512e-06	1.66527828076049e-05	0.000382444360225152	0.0379443064149579	-0.0739883962130924	0.0747532849335427	NPX
PDHA1	3967.9214537224	150.158116691495	-33.9856194639661	158.71528691787	0.831561731344917	0.940173688794949	0.385527436467673	0.00034120094725482	0.000763824847831813	-0.0085650938054944	0.0400009172530337	-0.0869668916214405	0.0698367040104517	NPX
PDK3	219.554233940847	16.7104104316419	33.8923323876283	20.8023605422248	0.111311304503763	0.345327984051045	0.159201334938431	0.051041062099087	0.0657195374739878	0.154368839895657	0.0954738505014486	-0.032759907087182	0.341497586878497	NPX
PDZD11	2552.15547734365	85.3073132870878	-106.995122039073	93.462145686076	0.259270751098462	0.591539270307541	0.331825407232872	0.00139924853098097	0.00271578286308621	-0.0419234341280948	0.0366476679738089	-0.11375286335676	0.0299059951005706	NPX
PGK1	32639.2733832049	1670.05742739869	-2122.00883899191	2295.49751247872	0.360951244258484	0.694472123464325	-0.0421802829763991	0.644413076608	0.680693705585931	-0.0650139730158278	0.0704079376820739	-0.203013530872693	0.0729855848410371	NPX
PGRMC1	12578.5003881765	435.70080059038	392.987188044831	611.386294070972	0.524127789386292	0.802518427361585	-0.0904636017795128	0.860757400938114	0.87632665625224	0.0312427694810289	0.0486177046066919	-0.0640479315480873	0.126533470510145	NPX
PHF6	2774.62252926011	93.2341069077236	-104.566779022839	95.0886096706393	0.278214732086186	0.615823620460433	0.42913978901221	9.59961504995039e-05	0.000252149888645364	-0.0376868485425018	0.0342942167326162	-0.104903513338429	0.0295298162534259	NPX
PHF8	1392.81215798044	40.6391678979517	-69.5528053953903	26.6565005188867	0.0128026014464619	0.0788160151547812	0.766047181712756	7.40235824139088e-12	9.72176382369335e-11	-0.0499369602691013	0.0191940019656563	-0.0875572041217876	-0.012316716416415	NPX
PHKA1	149.427423991738	20.4760673949717	140.130497671433	27.9264243506256	1.18381585772584e-05	0.000150459176756123	0.328468343785434	0.00152055985286173	0.00293676755895845	0.937782998114057	0.226806373250262	0.493242506543544	1.38232348968457	NPX
PHKA2	824.591433814279	21.1532894441374	79.5115929327775	24.8623627678792	0.00274534267270009	0.019666636600797	0.345097946786319	0.0010015465180676	0.00202363758009557	0.0964254413424888	0.0302524266430019	0.0371306851222051	0.155720197562773	NPX
PIGA	420.456366976028	20.871863500063	16.0245130150221	25.0633513862681	0.526326415549969	0.802518427361585	0.194826810110824	0.0270449338527697	0.0373884348701448	0.0381121901667759	0.0596398906460036	-0.0787819954993912	0.155006375832943	NPX
PIM2	217.037496541477	14.6311263955415	-27.8285339293731	19.6100526745446	0.163814524719321	0.457751225102216	0.0775720716554896	0.178704788300925	0.206480019327168	-0.128219936060933	0.0907658021783947	-0.306120908330586	0.049681036208721	NPX
PIN4	607.481832727242	42.4773011469464	97.5890157298556	36.3565339868575	0.0106156297673922	0.0663898115611512	0.639541560650591	2.42302862207914e-08	1.53979560822449e-07	0.160645159200461	0.0608929646875023	0.0412949484129564	0.279995369987965	NPX
PIR	232.902754748583	21.0652728178357	-40.3283298691889	25.797503456865	0.126069390287137	0.376298028584332	0.175563217046143	0.0383811066212155	0.0516114539548085	-0.17315522915443	0.111866841437257	-0.392414238371454	0.0461037800625936	NPX
PJA1	1794.50704728903	58.1892184729655	-62.7878158707946	77.3191745445756	0.421686277823161	0.741517380304619	0.0126241119488493	0.392045668401489	0.42788363808916	-0.0349888934488434	0.0431015168119338	-0.119467866400234	0.0494900795025468	NPX
PLCXD1	323.603674331794	32.4481734455656	226.161228996452	43.8965028476295	7.74056386159622e-06	0.000105164902119618	0.422276078235699	0.000118124626994839	0.000304190215921351	0.698883377833859	0.152681247216787	0.399628133288956	0.998138622378762	PAR1
PLP2	7662.86315488998	509.60046435666	782.270287475249	579.485595821431	0.184818885878998	0.492017844840035	0.283797940395449	0.00435991257188553	0.00760090952797743	0.102085900747954	0.075926721900797	-0.0467304741776085	0.250902275673516	NPX
PLS3	22640.0515623011	1140.68743975474	838.412958694855	1142.87743534411	0.467580885709691	0.780622326142451	0.473323813505707	2.33933666669049e-05	7.43305360222623e-05	0.0370322901601041	0.0505148069530619	-0.0619767314678972	0.136041311788105	NPX
PLXNA3	4260.54083664639	227.820384537469	-185.79000502634	260.320974123835	0.479664794763414	0.783349520863822	0.302147845656555	0.00286178392952066	0.00519605008401447	-0.0436071410062066	0.0611449300650863	-0.163451203933776	0.0762369219213625	NPX
PLXNB3	510.052690049145	53.6846132204872	-31.7014874570397	48.1068008914446	0.513779952479326	0.802518427361585	0.563131210763729	8.20540498718258e-07	4.09231590499992e-06	-0.06215335802657	0.0945439142265812	-0.247459429910669	0.123152713857529	NPX
PNPLA4	379.57395635708	18.0543087904778	116.221995290882	23.8598605028908	1.87992658005647e-05	0.000217850315453603	0.472182577030735	2.43048586289164e-05	7.54024748015201e-05	0.306190647025181	0.064524670036731	0.179722293753188	0.432659000297174	NPX
POLA1	1606.58672141641	140.751228518298	68.6070626596508	146.728651843621	0.642688799720459	0.85259052892209	0.39387308044325	0.00027007965850105	0.000618670845636125	0.0427036161478821	0.0914060268213731	-0.136452196422009	0.221859428717773	NPX
PORCN	579.075086644608	21.2603401550568	15.5818143394319	24.2801966603912	0.524789774840212	0.802518427361585	0.276415090159247	0.00514164479643343	0.0087319312491154	0.0269081069084135	0.0419409084181134	-0.0552960735910888	0.109112287407916	NPX
PPP1R3F	203.210028000758	13.9752203365934	-25.2203915306463	10.4907537628384	0.0210637225933659	0.112150090564678	0.700477633670806	7.738467324781e-10	6.62816549122546e-09	-0.124109975175793	0.0523260047712071	-0.226668944527359	-0.0215510058242274	NPX
PPP2R3B	251.522397076249	25.4002570485375	191.153193676232	31.2575293103414	3.58014408895953e-07	6.13294248282633e-06	0.527567414478339	3.37185075887137e-06	1.38386374895346e-05	0.759984780274993	0.146061972610958	0.473703313957515	1.04626624659247	PAR1
PQBP1	1344.36579073862	51.7478434716511	-64.8695899109785	58.9848863706182	0.27817639698322	0.615823620460433	0.284714851815731	0.00427076293465659	0.00751196694756561	-0.0482529311277237	0.0439149189073131	-0.134326172186057	0.03782030993061	NPX
PRAF2	2838.97949768452	111.750189932402	-36.4005990111756	113.860560563014	0.750906254035416	0.913139086697388	0.42146230022537	0.000121041421971877	0.000309677404265711	-0.01282171957947	0.0401093335528063	-0.0914360133429703	0.0657925741840302	NPX
PRDX4	7021.01391096825	289.490922180886	-386.004102863268	314.867217608443	0.227577558358224	0.563934327000881	0.342409283222169	0.00107253239111139	0.0021342311217065	-0.0549783988122073	0.044903658578104	-0.142989569625291	0.0330327720008766	NPX
PRICKLE3	359.081426377972	12.3006653847327	-31.0490825295474	12.6655223753113	0.0188111861047954	0.10418070132757	0.448774090674612	5.21290661121736e-05	0.000152139644801455	-0.0864680828600277	0.0353961599726241	-0.155844556406371	-0.0170916093136844	NPX
PRKX	658.580277972277	23.9635706234202	-47.8871152009311	34.2750272387353	0.170269651973752	0.469812529403723	-0.0607184898250648	0.733036245277664	0.766090930077983	-0.0727126468900226	0.0521110193756024	-0.174850244866203	0.029424951086158	NPX
PRPS1	6811.08743093439	812.038058944094	1277.17441530181	1070.34663360982	0.239986168109321	0.580089265245843	0.0937445537986986	0.142617659167179	0.168237597939726	0.187514024486189	0.158729912771546	-0.12359660454604	0.498624653518419	NPX
PRPS2	1494.35233766447	101.805712890658	47.9639111374686	109.467870554356	0.663691226035405	0.874563020260701	0.358071258304523	0.000715876552859385	0.00154128613019999	0.0320967886411792	0.0732870198782173	-0.111545770320127	0.175739347602485	NPX
PRRG1	1341.6377451363	42.6392037450256	-70.2976873842997	39.5072354098647	0.0829747000834472	0.299926897549341	0.528536143192914	3.24974891971076e-06	1.34779060459583e-05	-0.0523969213292802	0.0294940693959811	-0.110205297345403	0.0054114546868427	NPX
PSMD10	2872.47049808121	62.9443680748176	113.563801380535	61.8784441695604	0.0740999870556442	0.276356580668046	0.476067097753917	2.13311820096591e-05	6.83291521285016e-05	0.0395352368131875	0.0215593035702857	-0.00272099818457239	0.0817914718109474	NPX
PUDP	738.699830526871	75.991060269014	924.205782440942	87.6296503296686	5.5470411583544e-13	2.12421186585629e-11	0.781358509623197	2.05370419008296e-12	3.11215173420264e-11	1.25112494175308	0.175035122473648	0.90805610170473	1.59419378180143	NPX
RAB33A	76.9347342782388	11.5814814516419	-33.913184329074	15.4234794856937	0.0338900188293369	0.158258053582618	0.0602101909828614	0.22474678427008	0.254454692535666	-0.4408045942737	0.211171585792175	-0.854700902426362	-0.0269082861210377	NPX
RAB39B	167.391964174088	26.311163497812	29.9701072425261	34.1171115953542	0.38508083321278	0.70898059946652	0.0865977083852549	0.157789656204588	0.183389747919197	0.179041493361994	0.205749435005971	-0.224227399249709	0.582310385973696	NPX
RAB9A	1394.07550201085	76.6694825211912	219.538212132446	93.2046190454513	0.0236246057921585	0.120884346520915	0.261272371293425	0.00715483864146438	0.0116971220943443	0.157479427631988	0.0674162903671483	0.0253434985123774	0.289615356751599	NPX
RAP2C	2668.25027012026	93.2574378035679	-89.8848414786543	89.7028671420294	0.322506640914913	0.665275479164794	0.482532227049932	1.71229585265854e-05	5.57557492518566e-05	-0.0336868105983938	0.0336392213286643	-0.0996196844025758	0.0322460632057883	NPX
RBBP7	7072.4022387164	313.746141105709	2172.43005802932	403.730004944656	3.74230451362826e-06	5.46099251247976e-05	0.498778767235011	9.71558869691837e-06	3.44859634827553e-05	0.307170037096702	0.0586891376441237	0.19213932731422	0.422200746879185	NPX
RBM10	3129.90605970031	114.971823892678	-58.7395583601952	109.549067436069	0.594869777942814	0.836375188368057	0.49310131659067	1.18717848348409e-05	3.99784891019427e-05	-0.0187671953214531	0.0350075409617948	-0.0873819756065709	0.0498475849636648	NPX
RBM3	17722.4973695476	777.67360182707	1170.55651843458	1013.93508743699	0.255333224966009	0.591539270307541	0.0771184472599901	0.179809185462097	0.207148593777972	0.0660491856213184	0.0572851144610372	-0.0462296387223144	0.178328009964951	NPX
RBM41	572.557243468194	19.0285244020659	13.3333470836216	17.2479459086255	0.444159121514182	0.757570103361852	0.549139287341351	1.45230889819387e-06	6.6536012312603e-06	0.0232873607586492	0.0301343444850398	-0.0357759544320288	0.0823506759493272	NPX
RBMX	10980.6184163429	565.321793574599	386.731291123876	660.835190408832	0.561773556150249	0.822820747669882	0.239867191370639	0.0112146086276597	0.017464647428055	0.0352194454319886	0.0602092738833713	-0.0827907313794192	0.153229622243396	NPX
RBMX2	1210.3214158934	30.2983374352775	-47.3155595185638	35.9721637817636	0.196077322143439	0.508434485847361	0.218899492595727	0.0170797638993415	0.0250164571611173	-0.0390933837055487	0.0297372735935078	-0.0973784399488239	0.0191916725377265	NPX
RGAG4	692.350957765927	33.5140831685343	1.80639971317608	41.2503373570619	0.965294329861107	0.996294905982751	0.163689217423908	0.0472550364634522	0.0610442110380333	0.00260908097679962	0.0595802310538227	-0.114168171888693	0.119386333842292	NPX
RGN	122.756274506572	16.8986951011042	81.9513733925192	19.2010419609479	0.000121865359364096	0.00123115260485779	0.466207246270974	2.96430422755129e-05	8.9841220435016e-05	0.667594171637492	0.181416148248808	0.312018521069829	1.02316982220516	NPX
RLIM	5343.00147659731	334.563981343895	53.6337129971042	173.229674743707	0.758505494025573	0.916721363945018	0.850453410100084	1.4686421489296e-15	4.82204172231886e-14	0.0100381243074746	0.0324278828966412	-0.0535205261699421	0.0735967747848913	NPX
RNF113A	583.563408456029	19.7842972164408	-28.7435095245696	27.5472801560094	0.303176581176721	0.638778465153091	-0.0651806335834946	0.753699809306751	0.781909575792393	-0.0492551608069776	0.0472348169011069	-0.141835401933147	0.0433250803191919	NPX
RNF128	168.2333440727	16.8369949159915	-30.9620959162716	18.8972349226015	0.109372708317473	0.342006722834003	0.297027471382734	0.0032237132346805	0.00579973979207359	-0.184042563541338	0.113827674588752	-0.407144805735291	0.0390596786526148	NPX
RP2	2041.64698327538	118.577873584313	36.7809030692572	131.107017687628	0.780545286010612	0.929936806679381	0.320601865445835	0.00184351435815639	0.00347533328762497	0.0180153098799922	0.0642248248776694	-0.10786534688024	0.143895966640224	NPX
RPGR	444.385603043714	21.8371896247599	10.6797727915127	25.5052634241811	0.677711918638199	0.875470478503116	0.238604624048572	0.0115085656170712	0.0178518695004963	0.0240326705418989	0.0574065900912667	-0.0884842460369838	0.136549587120782	NPX
RPL10	51266.2942541609	2384.73006975886	-594.596715760688	2468.48689694102	0.81091386004593	0.931487057895324	0.404343515581709	0.000200259201597366	0.000478194699571893	-0.0115981996438611	0.0481533116556655	-0.105978690488966	0.0827822912012433	NPX
RPL36A	6701.89709877907	429.070680586815	-91.3573812984593	364.913511576965	0.803628159729074	0.931487057895324	0.596100578577769	1.96400236213901e-07	1.10749443377278e-06	-0.0136315702780788	0.0544562796052402	-0.12036587830435	0.0931027377481921	NPX
RPL39	12026.2288507205	425.526064991311	-227.537127135323	591.556863179806	0.702592845409682	0.886310849404112	-0.0808798906222816	0.822617792219356	0.844040130558401	-0.0189200729471975	0.049193446609196	-0.115339228301222	0.0774990824068266	NPX
RPS4X	23533.9349856449	1433.51836423608	9321.8986689173	1815.16300510153	8.15795692586727e-06	0.00010714116762639	0.531594608709796	2.8908776845493e-06	1.22950420936359e-05	0.396104547522691	0.0808153958261216	0.237706371703493	0.554502723341889	NPX
RPS6KA3	5267.15692157731	219.185808154016	212.048243738364	266.28806164699	0.430671832938547	0.744231149902577	0.197285797975338	0.0258338230502522	0.0359665239639553	0.0402585772354137	0.0505840683608954	-0.0588861967519414	0.139403351222769	NPX
RPS6KA6	697.320680620512	132.302537655277	45.5493031030521	85.1303014547486	0.595650403620985	0.836375188368057	0.769932049910021	5.39191921968656e-12	7.58720061627323e-11	0.0653204535143286	0.122709439068208	-0.175190047059359	0.305830954088016	NPX
RRAGB	756.499654636818	37.17935274122	-24.1369232759396	46.9856732557014	0.610354434291237	0.841161524147564	0.107113453160628	0.117344459091307	0.14095645390846	-0.0319060598745776	0.0621291036403438	-0.153679103009652	0.0898669832604963	NPX
SAT1	2195.03155468675	161.549642444327	-188.059946952861	208.196151445621	0.371921622976308	0.694488717785144	0.112011653608336	0.109041165568897	0.133009966669181	-0.0856752817750261	0.0950581826796622	-0.271989319827164	0.100638756277112	NPX
SCML1	651.318587183743	33.0599795033362	82.477994684876	41.9633153386446	0.0565088230557123	0.235273987987485	0.150116512246582	0.0595048556936462	0.0761198478678461	0.12663233678238	0.0647480817280591	-0.000273903404615361	0.253538576969376	NPX
SCML2	187.381725477226	11.4696489664098	22.3727559211264	14.8912718172805	0.14104653904266	0.405637491845313	0.0724301389700794	0.191528317018435	0.218730889580474	0.119396680034551	0.0798055821694984	-0.0370222610176658	0.275815621086768	NPX
SEPT6	2568.68443814044	139.479623676754	173.975858792219	184.068460473008	0.35039173512584	0.686837530545179	0.0752993556214677	0.184290039056371	0.211691764980204	0.0677295568926196	0.0717529636617931	-0.072906251884495	0.208365365669734	NPX
SH3BGRL	6745.46081096974	400.271212981185	-778.814050991931	423.644657988955	0.0736333490044281	0.276356580668046	0.394720592224157	0.000263683627113339	0.000607551749021377	-0.115457501394922	0.0631769890689476	-0.239284399970059	0.00836939718021512	NPX
SH3KBP1	9647.54683753457	323.002739289243	-489.197330754973	373.718672969717	0.198195444784201	0.509537000375475	0.272876410434944	0.00555960517097064	0.00932121037175502	-0.0507069143061022	0.0387743543392125	-0.126704648810959	0.0252908201987543	NPX
SLC10A3	1665.22625521993	64.0644780784753	-33.1061008502305	61.1462933691383	0.591294776915087	0.836375188368057	0.498263573748815	9.89498543502282e-06	3.45010996583981e-05	-0.0198808424659735	0.0367274757049786	-0.0918666948477316	0.0521050099157846	NPX
SLC16A2	3367.6284670417	238.715253801324	698.632445277241	241.104622102648	0.00613908106218672	0.0409965752288401	0.502976956361129	8.36304287220277e-06	3.05096193671101e-05	0.20745532118956	0.0730894325833362	0.0642000333262208	0.350710609052899	NPX
SLC25A14	461.922985634569	12.5199566603494	-14.3464044952368	15.648684485345	0.364892462358245	0.694472123464325	0.126384275930467	0.0873990560484587	0.109318184390771	-0.0310580008819617	0.0338877157301001	-0.0974779237129579	0.0353619219490345	NPX
SLC25A43	2444.93071130108	51.0314350365067	177.945475779009	59.5126827502177	0.0048122197051252	0.0332634134003391	0.35433891391984	0.000789211457118131	0.0016808071032678	0.072781398244335	0.0243886127640178	0.0249797172268601	0.12058307926181	NPX
SLC25A5	7789.82987067824	545.051465110936	565.031554560788	591.956061865497	0.345701752238661	0.681032451910162	0.351122580412426	0.00085789176851946	0.00178840929522046	0.0725345179472569	0.0761601753621249	-0.076739425762508	0.221808461657022	NPX
SLC25A6	9362.28001370815	546.582995163931	8378.05916804618	497.941471489605	1.77954038288673e-19	1.75284727714343e-17	0.893732903634397	2.06914731086302e-18	1.35874006746672e-16	0.894873808065889	0.0745531749206295	0.748749585221455	1.04099803091032	PAR1
SLC35A2	1803.1679028209	49.5406249249403	-48.3863956375614	60.1128664973662	0.425742622514213	0.741517380304619	0.201687403649498	0.0237844967649416	0.033468184733525	-0.0268341043348571	0.0333455159726619	-0.0921913156412744	0.0385231069715601	NPX
SLC38A5	2047.55653069488	224.1223400057	-242.602780567051	258.151559788036	0.353120612242283	0.688760006056729	0.266891169867116	0.00633701028639461	0.0104906808942835	-0.11848404521692	0.126743147843719	-0.366900614990609	0.12993252455677	NPX
SLC6A8	1555.47634794156	81.2549820081438	404.335800152565	96.3349765323092	0.000151188948342955	0.00148921114117811	0.445278197110502	5.82268881229525e-05	0.000167455430076228	0.259943393345481	0.0634039162219831	0.135671717550394	0.384215069140568	NPX
SLC9A6	1891.75061750826	80.722785515771	80.7215267267064	70.6356832055098	0.260094249399901	0.591539270307541	0.576139390399214	4.73694808113854e-07	2.42384096619297e-06	0.0426702790418694	0.0373831599380937	-0.0306007144367943	0.115941272520533	NPX
SLC9A7	3896.24883291582	251.404168022116	321.8942304432	278.228705446654	0.25433378889111	0.591539270307541	0.316561919838847	0.00203273160616086	0.00379571683804445	0.0826164457782603	0.0716080768753876	-0.0577353848974993	0.22296827645402	NPX
SMARCA1	9004.91168038176	289.227915012231	-489.935693109904	265.193880436652	0.0722758573390598	0.276356580668046	0.53108408464913	2.94807709875925e-06	1.23568337969271e-05	-0.0544076067039375	0.0295017164600125	-0.112230970965562	0.00341575755768692	NPX
SMC1A	5994.76125895256	507.668004998789	2878.47021247339	528.208084115553	3.00758564233453e-06	4.55764901184541e-05	0.596059840434926	1.96762970467246e-07	1.10749443377278e-06	0.480164278131124	0.097041863227959	0.289962226204324	0.670366330057924	NPX
SMIM10	452.556717351821	29.747954094379	-7.09022059112201	22.8909326170438	0.758408247998578	0.916721363945018	0.67179805182332	4.26055778129091e-09	3.16728257703513e-08	-0.0156670320410028	0.0505918391847776	-0.114827036843167	0.0834929727611612	NPX
SMS	10341.1911099047	831.9329611499	204.804816925442	957.530937903463	0.831748364801488	0.940173688794949	0.273177711074353	0.00552285602257396	0.00929916783288094	0.0198047608586677	0.0926075797744258	-0.161706095499207	0.201315617216542	NPX
SNX12	3556.6767381373	109.638309003446	9.49757059509255	103.009293716379	0.92701025397201	0.996294905982751	0.506351429831199	7.40578892051773e-06	2.8056546487346e-05	0.00267034968155881	0.0289623481014208	-0.0540958525972259	0.0594365519603435	NPX
SPIN2B	236.632685684713	8.27978853297119	-5.07971223080849	9.50177596465028	0.595956818774208	0.836375188368057	0.264382984779645	0.00669103063663213	0.0109844419618044	-0.0214666550232061	0.0401611391089568	-0.100182487676761	0.0572491776303493	NPX
SPIN3	109.990458693218	5.30098059213778	-11.1157615740718	6.5472976308279	0.0975194706950547	0.325615859778403	0.244999629541782	0.0100876576274056	0.015953629317908	-0.101061143904087	0.0597249846307782	-0.218122113780412	0.0159998259722386	NPX
SPIN4	691.495749515655	40.6858199614219	-32.2938571721402	42.9727093454991	0.456864894640877	0.769251147386776	0.377797921859529	0.000422155017692296	0.000929212720507065	-0.0467014543397553	0.0622052935413669	-0.168623829680835	0.0752209210013238	NPX
SRPX	6348.74054622462	457.144356245633	-588.346824206508	557.578697799699	0.297835410091664	0.637496423241866	0.200947606923257	0.024118592507372	0.0338175282843579	-0.0926714235560276	0.0880782213680256	-0.265304737437358	0.0799618903253026	NPX
SRPX2	1767.89681520276	93.5177282412808	-70.5713659314514	129.975407151262	0.5902476356698	0.836375188368057	-0.0640468256129942	0.748485269611848	0.780167185785894	-0.0399182606838722	0.0735501100838768	-0.184076476448271	0.104239955080526	NPX
SSR4	4382.38234893154	175.774590559131	-29.9100473067397	208.423019817053	0.886629160317646	0.97578739990266	0.21545249855946	0.018269402042524	0.0263668293214448	-0.00682506566640221	0.047560083950771	-0.100042830209913	0.0863926988771089	NPX
STAG2	8748.68938754114	436.76877292426	153.838443753452	254.468365339701	0.548980357870005	0.816219852833139	0.812107189536821	1.15127442490428e-13	2.06182783369221e-12	0.0175841702612658	0.0290997002634162	-0.0394512422550301	0.0746195827775616	NPX
STARD8	367.362060138016	30.9117902114019	78.3676227830574	40.2810370346403	0.0589456376585407	0.241922721223594	0.104879771039762	0.121296633022354	0.14526101340671	0.213325302982064	0.111108998135778	-0.00444833336406156	0.431098939328189	NPX
STK26	668.656890456733	45.4273724139883	-26.7068992717683	50.2114643369206	0.597820308709834	0.836375188368057	0.316738235835526	0.00202411624835197	0.00379571683804445	-0.0399411112828373	0.0751420300939879	-0.187219490267054	0.107337267701379	NPX
STS	2085.21828519278	225.864038257692	1396.36778932643	266.187235558117	5.75066367365287e-06	8.09200531221154e-05	0.505963400206474	7.51040100362958e-06	2.81818856707624e-05	0.669650654438478	0.146822595553037	0.381878367154526	0.95742294172243	NPX
SUV39H1	690.097904086052	89.1335486748374	76.4872471092904	106.932600126484	0.478693701917947	0.783349520863822	0.200144431472149	0.0244859802023703	0.0342109085096947	0.110835356340617	0.15561267576117	-0.194165488151277	0.415836200832511	NPX
SYAP1	4242.47418812473	136.621414230516	2026.77314034834	127.931808914339	1.38899741978807e-18	9.12108305660834e-17	0.904135957346698	2.83932730763077e-19	2.23738991841304e-17	0.477733758763118	0.0338527571320184	0.411382354784362	0.544085162741875	NPX
SYTL4	467.884469578731	26.5913091803323	-31.0908940024351	29.6608515363251	0.300993243874663	0.637587839175361	0.306037490216485	0.00261205309456523	0.00478673915934279	-0.0664499380165972	0.0635059282218041	-0.190921557331333	0.0580216812981388	NPX
TAB3	1782.86402358228	52.6460679973435	-16.0133414173347	56.2793074316761	0.777507063929033	0.929936806679381	0.362855509325691	0.000631054297612807	0.00137367620585329	-0.00898180747691534	0.0315679115826194	-0.0708549141788494	0.0528912992250187	NPX
TAF1	2508.56549393576	82.6038734501854	9.12031792389692	103.556989683344	0.930271310436337	0.996294905982751	0.121176754483146	0.0947894878479605	0.117337241538234	0.00363567064361863	0.0412815313791939	-0.0772761308596013	0.0845474721468386	NPX
TAF9B	2139.14618250939	100.843964178047	-12.2230766492303	117.255077561343	0.917510391122276	0.995865273008752	0.244831692364127	0.0101228612423274	0.015953629317908	-0.005713997832019	0.0548146238742351	-0.11315066062552	0.101722664961482	NPX
TAZ	679.902729441283	37.7378770285197	9.26188499942864	28.6986166766017	0.74862415146324	0.913139086697388	0.67962542816126	2.71838340642195e-09	2.18580216761275e-08	0.0136223677275714	0.0422166575060013	-0.0691222809841911	0.0963670164393339	NPX
TBC1D25	975.466745255057	21.8729853796644	-16.8703344951184	22.2140438576891	0.45215289723535	0.767880351339345	0.431735181857423	8.86834400623359e-05	0.0002405066600577	-0.0172946280098019	0.0227760348159762	-0.0619356562491152	0.0273464002295115	NPX
TBC1D8B	2742.34410357814	76.9233444645868	-377.958789559361	93.2135059447259	0.000232410344698449	0.00212952734444625	0.353040073835339	0.000816312773403709	0.00172518626639574	-0.137823254589462	0.0342095940826352	-0.204874058991427	-0.0707724501874974	NPX
TBL1X	4314.78203108592	201.504660264541	-211.999652506371	123.621950903269	0.0943000171410508	0.324240552056438	0.790111086874779	9.45810814703127e-13	1.49059784397213e-11	-0.0491333399877481	0.0287425353835256	-0.105468709339458	0.00720202936396205	NPX
TCEAL1	705.821286031392	38.30720964936	-20.2212124516558	38.101641200547	0.598623865786274	0.836375188368057	0.446694646390199	5.56803012410888e-05	0.000161309108007272	-0.0286491961235021	0.0540043837208356	-0.13449778821634	0.0771993959693355	NPX
TCEAL3	1708.5738735964	146.752544629106	-32.8917567240097	93.9950670475611	0.728273501830284	0.905172743599785	0.771641639131679	4.68180615713189e-12	6.83196898485173e-11	-0.0192510006340993	0.0550385999017655	-0.12712665644156	0.0886246551733612	NPX
TCEAL4	4017.20542083588	328.788806135484	-307.817685910228	220.449375546706	0.17051571498663	0.469812529403723	0.748837229244935	2.82997317049126e-11	3.00269155012339e-10	-0.0766248308621915	0.0552334912469305	-0.184882473706175	0.0316328119817923	NPX
TCEAL7	274.2593378314	22.6983969041551	7.62815917487196	28.6927450736595	0.791749989336371	0.930222676354659	0.116189195765031	0.10234249769392	0.126009200285639	0.027813671669992	0.104644348603314	-0.177289251592503	0.232916594932486	NPX
TCEAL8	3929.15188305246	118.549224924671	-175.154650900137	134.31258133016	0.199850175206279	0.509537000375475	0.292206789986764	0.00360206588942841	0.00642178262640178	-0.0445782337037234	0.0342100566101589	-0.111629944659635	0.0224734772521881	NPX
TCEANC	127.429707513825	6.81080557534424	37.4532433397807	9.34967173912738	0.000269119735639724	0.00240984490550117	0.235575788684717	0.0122420569883198	0.0188412908335859	0.293912966375735	0.0750340240382816	0.146846279260703	0.440979653490767	NPX
TFE3	6853.25735451287	173.317750500711	264.203053060531	174.856143618076	0.138856062183374	0.402274180148891	0.437290721991113	7.47368742213884e-05	0.000207368510163571	0.0385514565400865	0.0255329325265533	-0.0114930912119579	0.0885960042921309	NPX
THOC2	4315.32011798408	104.865161798014	-181.285238776612	97.6268321633053	0.0708869845828481	0.273818352212178	0.549466544297058	1.43337046990066e-06	6.64409370753954e-06	-0.042009684987472	0.022646332923694	-0.0863964975179124	0.00237712754296826	NPX
TIMM17B	853.240359060574	34.6947243137066	-3.19657364077025	37.761313485302	0.932971060461724	0.996294905982751	0.341026726491249	0.00111080797581781	0.00219928815312673	-0.00374639292061817	0.0442566233406985	-0.0904893746683872	0.0829965888271508	NPX
TIMM8A	365.694103245414	19.1615493542191	12.8309873783267	20.2223551606684	0.529462356778764	0.802518427361585	0.386961746246688	0.000327860080868284	0.000738153553497737	0.0350866674208197	0.0553291065585509	-0.07335838143394	0.143531716275579	NPX
TIMP1	33701.6347031927	3161.5433874813	7490.41798279737	4354.08859401364	0.0933014210270504	0.324240552056438	0.00568039745391724	0.421275582871541	0.453504315987397	0.222256814803341	0.130866764901638	-0.0342420444038688	0.478755674010552	NPX
TMEM164	1130.29476701038	57.4856689468812	7.0380783992084	45.5100104489415	0.877895601091744	0.971603558511649	0.652030438816166	1.26186962911617e-08	8.87815417628164e-08	0.00622676367672131	0.0402650878739482	-0.0726928085562171	0.0851463359096597	NPX
TMEM185A	1078.55136547741	26.3611651630429	22.035191126848	31.1214630207946	0.483131811091139	0.783349520863822	0.225527279223341	0.014984058622415	0.0222781852725717	0.0204303585644198	0.0288591936598827	-0.0361336610089504	0.0769943781377899	NPX
TMEM187	241.229520748777	14.433536012164	35.8319800802948	16.3975148565872	0.0349453062479385	0.158258053582618	0.315268540465157	0.0020969628601454	0.00387888904646615	0.148538951489321	0.0685532971072475	0.0141744891591157	0.282903413819526	NPX
TMEM47	14732.2521924036	1109.73311754662	629.522947021817	1486.1348682988	0.674186552797506	0.875470478503116	-0.0016942389951442	0.453470893872356	0.486832512767597	0.0427309374561492	0.100927624614566	-0.155087206788401	0.240549081700699	NPX
TMLHE	764.940258333095	25.5537992523164	48.5463523840427	28.8764910354957	0.100722286201153	0.327971741845077	0.348435809196024	0.000919436026228854	0.00188675934549046	0.0634642403183636	0.0378094825629469	-0.0106423455050123	0.137570826141739	NPX
TMSB15A	144.727150778203	13.5941366838572	-37.8483530053709	19.2744978457728	0.0567284996416526	0.235273987987485	-0.0652735505259434	0.754125986804846	0.781909575792393	-0.261515222277636	0.135424573379513	-0.526947386101482	0.00391694154620853	NPX
TMSB15B	132.301258656802	8.6575550705177	24.2481951250893	10.014270932089	0.0202145903420987	0.10910340540804	0.415100083866581	0.000146260263759708	0.000362431093844812	0.183280154484325	0.0766372323767115	0.0330711790259704	0.333489129942679	NPX
TMSB4X	91399.5404718128	4493.22693253913	3293.34151218564	5986.45758080428	0.585366106447247	0.836375188368057	0.0363852597991196	0.30099364171494	0.332189061164387	0.0360323640051701	0.0655216255440892	-0.0923900220612448	0.164454750071585	NPX
TRAPPC2	430.066045113803	26.0976947280224	80.4975796039414	35.6068188070268	0.0294323740191437	0.144954442044283	0.109367768203229	0.113461718679398	0.137550514337486	0.18717492468544	0.083569321561585	0.0233790544247339	0.350970794946147	NPX
TREX2	140.939646062779	9.73832402718496	12.9851231182078	12.3447684217157	0.299332076902906	0.637496423241866	0.108411830073924	0.115095306405474	0.138677525149104	0.0921325083534259	0.0878200747935893	-0.0799948382420092	0.264259854948861	NPX
TRMT2B	698.281832568106	41.4772393344	-3.98772235464887	42.6538206658549	0.925992632586769	0.996294905982751	0.410852025519018	0.000165726343174856	0.000405566330502442	-0.00571076343198422	0.0610849034868541	-0.125437174266218	0.11401564740225	NPX
TRO	1048.57885796558	70.9998768037161	-232.247525775979	79.3881454469011	0.0057071100285108	0.0387689888143665	0.408142138569953	0.000179371742397425	0.000430929673808448	-0.221487896701043	0.0771812863534079	-0.372763217953723	-0.0702125754483637	NPX
TSC22D3	1761.74847460305	152.813544198968	-168.532428034551	195.434725111956	0.393768735311881	0.721604100990144	0.0956475884813962	0.138777681244847	0.164478763842791	-0.0956620258022492	0.111242151239324	-0.313696642231324	0.122372590626826	NPX
TSPAN6	1653.6830809025	45.0985452631119	-36.9659720961797	52.8583313951614	0.488489541265592	0.785570935749564	0.234406068810582	0.012536331866522	0.0192191235619053	-0.0223537221388305	0.0319698161195052	-0.0850145617330607	0.0403071174553997	NPX
TSPYL2	1530.37726401356	87.0229582926499	-95.5037268194256	79.9756535224935	0.239628157512985	0.580089265245843	0.531493441645105	2.90212922514755e-06	1.22950420936359e-05	-0.0624053487105251	0.052379127336444	-0.165068438289955	0.0402577408689052	NPX
TSR2	1513.46717218986	35.3070699001483	36.5525261173949	48.3924958523676	0.454586030245929	0.768699124106851	-0.038257212941252	0.625397822456353	0.662383715182266	0.02415151566486	0.0319795559482744	-0.0385284139937579	0.0868314453234779	NPX
TXLNG	1023.73109871977	37.0725990063668	613.965875685022	42.3501316366196	2.70768781259511e-17	1.52404142594639e-15	0.875556953107863	4.31917835179491e-17	1.89084030067466e-15	0.599733539845393	0.0467229006128461	0.508156654644214	0.691310425046571	NPX
UBA1	18270.0885204081	1100.80017575889	4881.19948374366	587.31386117389	3.65806396723809e-10	8.00709557273226e-09	0.882441932917859	1.44568567431648e-17	8.13714508115277e-16	0.267168901688202	0.0359513821493381	0.196704192675499	0.337633610700905	NPX
UBE2A	5644.51096397457	144.589217524376	284.467695902907	161.142812005266	0.0853402943790758	0.30567341804869	0.379847787994065	0.000399112858560413	0.000888420713405665	0.0503972262111791	0.0285777609430782	-0.00561518523725415	0.106409637659612	NPX
UBL4A	2244.46765978602	79.4948551393187	27.2580675986379	99.7376755588939	0.786066570037398	0.929936806679381	0.121032395318102	0.0950014722098902	0.117337241538234	0.0121445579666925	0.0444392003359854	-0.0749562746918389	0.0992453906252238	NPX
UBQLN2	3286.47306466782	125.347163954622	-40.2410316912765	71.6660750496739	0.577664337950542	0.833698714844371	0.817515856819115	6.5975704735622e-14	1.29972138329175e-12	-0.0122444428721779	0.0218113784957285	-0.0549947447238058	0.03050585897945	NPX
UPF3B	680.430736503287	36.5708594740881	-55.0235632142805	24.7645104225649	0.0321638851008398	0.153523312554401	0.749539509541504	2.68435239001521e-11	3.00269155012339e-10	-0.0808657814269897	0.0366539361770132	-0.152707496333936	-0.00902406652004391	NPX
UPRT	613.39612843621	14.9999167958768	6.72067829214875	17.622094826468	0.704992749807296	0.886310849404112	0.280018675323481	0.00474547264352211	0.00812920096325093	0.0109565058867953	0.0287299843534548	-0.0453542634459761	0.0672672752195666	NPX
USP11	3232.14177753159	153.967795105794	-254.761417310362	71.7558351878341	0.00102238548876875	0.00789842907009583	0.880266336724805	2.0571358342499e-17	1.01313939836808e-15	-0.0788212383136626	0.022515987341798	-0.122952573503587	-0.0346899031237385	NPX
USP27X	201.187322515459	6.14907373803052	10.6500379376627	8.37432267381292	0.2109939706149	0.52969100169728	0.0532189887135872	0.245531780308478	0.275611172198121	0.0529359295829607	0.0416559371165174	-0.0287097071654134	0.134581566331335	NPX
USP9X	12329.1512187894	788.365913808668	1748.83803407441	481.79087747775	0.000813453519934306	0.00654083034396156	0.815284643649932	8.31784721476013e-14	1.56058657267404e-12	0.14184577697524	0.0401161768522118	0.0632180703449045	0.220473483605575	NPX
UTP14A	1990.80903467788	77.1964187382149	-123.362219737547	79.6172872705013	0.1293536620677	0.383198066576494	0.410330989822763	0.000168272747200684	0.000409255940722651	-0.0619658729635549	0.0400645457137945	-0.140492382562592	0.0165606366354823	NPX
UXT	1526.50001811407	48.2347452913872	-0.514502782950258	49.5138729485774	0.991762237974677	0.997647210470783	0.417456465271822	0.000136399954491889	0.000342303070508306	-0.00033704734808055	0.0324362103046205	-0.0639120195451367	0.0632379248489756	NPX
VAMP7	4272.98591123974	86.92442956841	-150.787372465281	82.9249217282516	0.0766954046162279	0.282411116063493	0.501833567561436	8.71281782334851e-06	3.12077292945392e-05	-0.0352885255410385	0.0194200582558464	-0.0733518397224974	0.00277478864042033	PAR2
VBP1	3653.85023732397	155.293962192648	65.9964864198189	163.436246887944	0.688561324577365	0.878123528131565	0.38862737781869	0.00031297391296218	0.000708688055787925	0.0180621760973306	0.044736457219542	-0.0696212800529717	0.105745632247633	NPX
VMA21	2518.34507452154	103.264797760129	78.719620729263	86.8229249315805	0.37015011656728	0.694472123464325	0.6057528702004	1.26104862381676e-07	7.41571877289256e-07	0.0312584726873536	0.0345000010000133	-0.0363615292726725	0.0988784746473796	NPX
WASH6P	369.974641277333	16.5727647964502	-28.527688178371	20.5902160201126	0.173773608596379	0.472184839910161	0.186509205127299	0.0315184280917864	0.0428215885109097	-0.0771071446407233	0.0557601244081904	-0.186396988480777	0.0321826991993299	PAR2
WBP5	5139.42531760847	257.803364541024	-294.611799619142	172.893345932944	0.0963359050474632	0.324413218706842	0.748530002475757	2.89599692651494e-11	3.00269155012339e-10	-0.0573238798917373	0.0337632678240271	-0.12349988482683	0.00885212504335584	NPX
WDR13	2140.94796145727	79.2804414092592	-24.666536707445	69.8011334490581	0.725704433449222	0.904834008794283	0.572862234001353	5.44964692128452e-07	2.7527703679309e-06	-0.0115213153946326	0.0326057012625564	-0.0754284898692432	0.0523858590799779	NPX
WDR44	1963.42121405764	74.8863975474167	-36.0147527267143	73.2126917131467	0.625533823795016	0.841161524147564	0.472929155128967	2.37049043555818e-05	7.4644983015298e-05	-0.018342856066165	0.0372948892536216	-0.0914408390032634	0.0547551268709333	NPX
WDR45	1992.05905894504	86.5538297003629	98.3561186446325	97.9874531321008	0.321680653345043	0.665275479164794	0.284006832596809	0.00433945505937331	0.00759886797063593	0.049374097722143	0.0492357888012673	-0.0471280483283409	0.145876243772627	NPX
WWC3	1742.27381429319	111.496233806943	0.397788199577634	134.036966474699	0.997647210470783	0.997647210470783	0.19395734228516	0.0274849335841447	0.0378638595529825	0.000228315547369349	0.0769322065179575	-0.150558809227827	0.151015440322566	NPX
XG	1535.17391395349	137.190203243907	260.283189283827	175.857610117869	0.146885698747692	0.416352268392738	0.190449452678752	0.0293244921426643	0.0402573167394068	0.169546386189905	0.115549910856228	-0.0569314390883014	0.396024211468112	NPX
XIAP	3809.94969653723	127.37992781487	-144.767665099066	144.2058979063	0.321617245918427	0.665275479164794	0.283197024838289	0.00441925136284254	0.00764807040133437	-0.0379972641713987	0.0378711301376949	-0.112224679241281	0.0362301508984834	NPX
XIST	437.158264007724	462.890955589107	4714.90425030913	526.803366552709	5.37044062709383e-11	1.41063573804998e-09	0.707194803393703	5.06158421798086e-10	4.53241859519195e-09	0.915148882065596	0.161158341899452	0.59927853194267	1.23101923218852	NPX
XPNPEP2	263.848621603465	46.3486514531995	-28.0035839389419	56.71532032222	0.624247235935731	0.841161524147564	0.171254816306683	0.0414181574268814	0.0549452997514857	-0.106135039738916	0.215761048500068	-0.529026694799049	0.316756615321218	NPX
YIPF6	2684.59901455041	57.7094560454617	-171.294893378774	73.3371927779195	0.0247414539043225	0.123394086560798	0.164935103692955	0.0462477804138574	0.0599395575100652	-0.0638065098178027	0.0273521580919896	-0.117416739678102	-0.0101962799575031	NPX
YY2	262.22233786412	12.9715065118516	22.6507541714106	16.4023024957963	0.175156984349096	0.472683916668107	0.144761899805145	0.0650310694273013	0.0823866281490569	0.0863799566272951	0.0626969055216201	-0.0365059781950803	0.20926589144967	NPX
ZBED1	1835.08445890928	55.8744255239623	1391.78137511013	66.1319975208582	6.74351868615185e-23	2.65694636234383e-20	0.928056228729412	1.10855042695528e-21	2.28484620917865e-19	0.758429056686232	0.0428015540568677	0.674538010734771	0.842320102637692	PAR1
ZBTB33	1657.54234953021	58.3002606876527	-1.73535649570803	44.4877827042063	0.969083421473872	0.996294905982751	0.67498186279492	3.55377670800357e-09	2.6926692749104e-08	-0.00104694549505771	0.0268396307269508	-0.0536526217198813	0.0515587307297658	NPX
ZC4H2	533.832453305202	15.4777592422565	-12.0483004529471	16.8258274402994	0.478220250484652	0.783349520863822	0.348180272430265	0.000925496126693867	0.0018893547871367	-0.0225694417384153	0.0315257214924408	-0.0843598558635992	0.0392209723867686	NPX
ZDHHC9	4159.78501533019	178.195902737386	103.278199201719	202.834453010116	0.613498635791726	0.841161524147564	0.276430667416055	0.00513986963973024	0.0087319312491154	0.0248277732673934	0.0487723997128309	-0.0707661301697551	0.120421676704542	NPX
ZFX	2349.08285825719	179.104562447687	1157.11786491286	119.636442447925	6.52452942374255e-12	1.97743430227274e-10	0.851920706734034	1.21582940710253e-15	4.35487987634905e-14	0.492582822630331	0.0632792999823214	0.368555394664981	0.616610250595681	NPX
ZMYM3	2250.92792011798	61.7937054430391	-158.124135025599	67.4468734636451	0.0242426915408728	0.122456672655178	0.3771155457777	0.000430094136903327	0.000941428277443949	-0.0702484222672537	0.030026026130398	-0.129099433482834	-0.0113974110516736	NPX
ZNF182	312.424630444368	11.0056526827744	-0.696919056770628	10.4244525347713	0.947039287862388	0.996294905982751	0.503587119060619	8.18180517248913e-06	3.01273947472964e-05	-0.00223067898257377	0.0333663880091691	-0.0676287994805451	0.0631674415153976	NPX
ZNF185	680.990745740912	101.46789488649	-36.1417258182929	133.688499004934	0.788322064545465	0.929936806679381	0.0336518933277733	0.310720486090916	0.341013569693094	-0.0530722716047647	0.196473910452436	-0.438161136091539	0.332016592882009	NPX
ZNF275	2051.69076516116	79.9088234999667	16.1840166437872	66.8310386935461	0.809922664699093	0.931487057895324	0.610880119258772	9.91787088975249e-08	5.92066837964012e-07	0.00788813641831444	0.0325750899300424	-0.0559590398445687	0.0717353126811976	NPX
ZNF280C	370.528575815738	13.5348815400568	-30.9801090872599	13.9584514020456	0.0323412054365871	0.153523312554401	0.431574107338937	8.91217572802644e-05	0.0002405066600577	-0.0836105798832263	0.0377953305698496	-0.157689427800132	-0.00953173196632116	NPX
ZNF41	1004.76679229778	25.6139346009821	-27.7041979744678	26.1791572811401	0.296450497469441	0.637496423241866	0.428402778057389	9.81726855288609e-05	0.000256159192704445	-0.0275727643338129	0.0260644381577817	-0.078659063123065	0.0235135344554393	NPX
ZNF449	664.994979218595	18.9351868699123	0.817307304966842	24.2287850023694	0.973262198022699	0.996294905982751	0.0929671993640928	0.144210096485906	0.169608292583424	0.00122904282063486	0.0364345550510551	-0.0701826850794331	0.0726407707207029	NPX
ZNF630	100.51448297302	5.48613037682293	-8.82525010782195	7.76622800659501	0.262739523613756	0.591539270307541	-0.0902367967073401	0.85989671047892	0.87632665625224	-0.0878007810097454	0.077413237523492	-0.23953072655579	0.0639291645362989	NPX
ZNF674	199.615717136556	10.3060042900459	-18.1001614640515	13.4950670525831	0.187600671735685	0.496071574925233	0.0557201272978975	0.237945068360607	0.268625664567562	-0.0906750316242347	0.0677671291032687	-0.223498604666641	0.0421485414181719	NPX
ZNF711	265.381790848027	17.215560334172	-135.199049608426	23.755776679484	1.39033446978031e-06	2.19116712437377e-05	0.43463040386575	8.11388302707998e-05	0.000222004855046494	-0.509451116357296	0.0954213153389117	-0.696476894421563	-0.322425338293029	NPX
ZNF75D	629.421075157084	30.867892453373	2.12994547160907	29.4877639487696	0.942786845400814	0.996294905982751	0.498440296130756	9.8331024423618e-06	3.45010996583981e-05	0.00338397545884128	0.0468493193549246	-0.088440690476811	0.0952086413944935	NPX
ZNF81	461.901014966522	27.5400603904433	-4.67162346998799	25.4278990474539	0.85518470876979	0.954512111204808	0.523232343653966	3.97279735301986e-06	1.61369294545343e-05	-0.0101139060504697	0.0550538399573496	-0.118019432366875	0.0977916202659355	NPX
ZRSR2	358.747717150054	16.4194037453915	188.351070725189	11.4824536408992	4.25171454429041e-19	3.35035106090084e-17	0.927887897057777	1.15982041075058e-21	2.28484620917865e-19	0.525023747109747	0.0400234205132724	0.446577842903733	0.603469651315761	NPX
ZXDA	248.018471223576	10.5734892289012	-11.991588544699	12.4712331699699	0.342204797712281	0.680952981306256	0.222786162184618	0.0158213125578441	0.0234345757435736	-0.0483495785033253	0.0503257149069448	-0.146987979720937	0.0502888227142864	NPX
ZXDB	612.917346183647	32.2326153678608	13.2924756818817	32.2096841712232	0.682096920518625	0.878123528131565	0.444637053047526	5.94148671291473e-05	0.00016963375107887	0.0216872238396381	0.0525638064412015	-0.0813378367851169	0.124712284464393	NPX
