gene	intercept	intercept_err	x_coeff	x_coeff_err	x_pval	x_adj_pval	adj.r.sq	reg_pval	reg_adj_pval	deltaEx	deltaEx_err	deltaEx_95_CI_lo	deltaEx_95_CI_hi	region
ABCB7	3799.3560524505	151.117025998304	-191.458027927958	150.068609626525	0.209976553991534	0.511274023399933	0.283302841848544	0.00833599558117259	0.0206663223783237	-0.0503922310214838	0.0395492539632362	-0.127908768789427	0.0271243067464592	NPX
ABCD1	435.029983561302	26.7606283770931	38.9919570609	31.3796277501241	0.221837296711324	0.527972766172952	0.0303803554254968	0.348099011271463	0.410136458824793	0.0896305048716384	0.0723425172513316	-0.0521608289409715	0.231421838684248	NPX
ACOT9	2315.14830255754	108.032797937442	-3.46332486554737	130.424374890535	0.978957950021969	0.987254203835714	-0.079744371482585	0.770161354667233	0.799266289581983	-0.00149594082665091	0.0563352571727018	-0.111913044885146	0.108921163231845	NPX
ACSL4	11608.9672989672	738.837066970793	921.097653826249	749.845586421661	0.227059709512843	0.534328998867719	0.252780214478826	0.0150467007495431	0.0336875182465268	0.0793436341153442	0.0647890183039045	-0.0476428417603087	0.206330109990997	NPX
AIFM1	4900.13236255029	243.389136113044	-315.313963760714	259.039438615178	0.23121868136092	0.534328998867719	0.160810038568972	0.0702548270790009	0.110488869018517	-0.0643480503038102	0.0529602959620548	-0.168150230389438	0.0394541297818173	NPX
AKAP17A	3116.62836906567	228.765587975472	2212.7411206838	226.351181254512	8.48390487270399e-12	3.36528226617258e-10	0.722128492370228	1.38743451324978e-09	3.30209414153447e-08	0.709979137277493	0.0893896082658173	0.534775505076491	0.885182769478495	PAR1
ALG13	1603.83791846039	115.391539048339	409.20947931383	138.71231655797	0.00548264499132118	0.0369302690924842	0.234779313733594	0.0209146494022472	0.0431591320034812	0.255143911117061	0.0884143874676154	0.0818517116805351	0.428436110553587	NPX
AMER1	875.711006655935	51.7105069039013	122.938429717066	62.9287910152173	0.0583393526923006	0.217564444239033	0.135745778084369	0.100741181695183	0.151111772542775	0.140386987011308	0.0723368035042467	-0.001393147857016	0.282167121879631	NPX
AMMECR1	1582.33791538555	76.3845459970455	-21.7625793866574	74.7525448340685	0.772579048658689	0.894685483254738	0.300403032330329	0.00587920845590903	0.0155472401389594	-0.0137534335586939	0.0472464988659948	-0.106356571336044	0.0788497042186559	NPX
AP1S2	5105.68689889134	329.776210092267	280.588709389352	321.961204878357	0.389102015354844	0.671059997496036	0.303095114175555	0.00555792063234506	0.0150316489829332	0.0549561136328747	0.0631591569324072	-0.0688358339546434	0.178748061220393	NPX
APEX2	3153.68924467422	95.1806397935133	-134.751248267516	90.3629176041681	0.144380227407488	0.41905480637783	0.39980864537338	0.000580781941775835	0.00258548804388166	-0.0427281313449245	0.028682086891547	-0.0989450216523567	0.0134887589625077	NPX
APOO	974.720936648916	28.2732670944919	-40.2926712916539	31.6403200524911	0.210797464466019	0.511274023399933	0.0772227482172607	0.212008518314828	0.271371030998004	-0.0413376483223802	0.0324830395326136	-0.105004405806303	0.0223291091615424	NPX
APOOL	1781.87916207026	64.1528139230087	-103.042102378814	64.0409041028368	0.116115889520536	0.360464109207228	0.267804899378517	0.0113089322095625	0.0270593376173601	-0.0578277722598743	0.0360003461878731	-0.128388450788106	0.0127329062683569	NPX
ARAF	4456.79760178468	128.047276652526	-300.249916590523	132.525023695272	0.0294181982253632	0.141922929276414	0.332557398038995	0.00293781630399278	0.00961248345618407	-0.0673689818156182	0.029798410697914	-0.12577386678353	-0.0089640968477068	NPX
ARHGAP4	3357.21500023331	133.559641693756	-127.880694647705	131.815066789796	0.338270146438312	0.622175450449098	0.355249288594538	0.00174620990457281	0.00629693874679285	-0.0380913032495143	0.0392924512273003	-0.115104507655023	0.0389219011559942	NPX
ARHGAP6	1572.60796922427	186.46790685174	-256.059668811675	202.241866607545	0.213388878113698	0.511274023399933	0.199873309141896	0.0380971391451306	0.0669984171172987	-0.162824857703082	0.13004397442647	-0.417711047578963	0.0920613321727993	NPX
ARHGEF6	2797.65885394042	185.519956982766	437.979047412303	200.156693468114	0.0350469917043339	0.15639720048059	0.440456047311219	0.000192462343400586	0.00108336078286767	0.156551985169823	0.0722936181671138	0.0148564935622797	0.298247476777366	NPX
ARHGEF9	1508.99478114817	86.8898718071478	-27.06729084161	95.9336602797049	0.779403880370374	0.894685483254738	0.123545794718915	0.118977898380315	0.168643398792993	-0.0179372991740998	0.0635829369054408	-0.142559855508764	0.106685257160564	NPX
ARMCX1	249.754455755859	37.5191832488103	-102.220579019751	46.3742314280755	0.0338053696076301	0.154724576281076	0.0627636612255463	0.249454838376293	0.310297481882706	-0.409284305700932	0.195594317914176	-0.792649168812717	-0.025919442589148	NPX
ARMCX2	1345.49284696458	116.37507355815	57.7489474132577	130.108365996436	0.659734085808383	0.838167504034137	0.131368047315368	0.107011822326768	0.157214899467721	0.042920293142798	0.0967706420949697	-0.146750165363343	0.232590751648939	NPX
ARMCX3	4939.08118929246	193.715765324217	-271.921384445038	234.1424265931	0.252937084685575	0.560860492128884	-0.0469659866957524	0.643705266814599	0.688032276206024	-0.055055054578682	0.0474552217951015	-0.148067289297081	0.037957180139717	NPX
ARMCX5	978.547509111596	33.6169287685	-75.2087702839693	38.4750627882184	0.0582009534355943	0.217564444239033	0.232440741627366	0.0218066953467218	0.0444635765092679	-0.0768575563104237	0.0394070976860486	-0.154095467775079	0.000380355154231543	NPX
ARMCX6	1643.86376443264	53.1052684524601	-118.177933407162	57.2523060048318	0.0460668837027162	0.186884971384883	0.183660505775229	0.0494828521145777	0.0829360479103485	-0.0718903451515338	0.0349052371556119	-0.140304609976533	-0.00347608032653451	NPX
ASMTL	2467.11335773211	283.498634459332	1407.57527140983	323.358141696017	0.00010186627286872	0.00125400894531493	0.329641609405623	0.00313502890399268	0.0099044718471273	0.570535304751357	0.146549942414015	0.283297417619888	0.857773191882826	PAR1
ATG4A	1503.22900687636	63.4075336187734	-102.865487961482	72.0168975775421	0.161578130805785	0.44033124196691	0.0585350588804674	0.261187569315338	0.321530904295088	-0.0684296853579427	0.0479950081585646	-0.162499901348729	0.025640530632844	NPX
ATP11C	3614.3219130827	198.01763120837	216.316107219732	178.581087152166	0.233458587613986	0.534328998867719	0.419330576185432	0.000346042396771988	0.00166942075199459	0.0598497069219916	0.0495179752230337	-0.0372055245151545	0.156904938359138	NPX
ATP6AP1	3619.52915196	168.613411519585	-277.783751074401	165.65794961584	0.10200190985052	0.331042561969415	0.331097940650127	0.00303508593392958	0.00967433641440052	-0.0767458250540624	0.0459072417613032	-0.166724018906217	0.0132323687980919	NPX
ATP6AP2	6814.22587918673	271.793989232747	-130.491546520875	247.649303341751	0.601393787341181	0.819456420155731	0.385065686162832	0.000846167218391157	0.00331957908753454	-0.019149870995537	0.0363510098249462	-0.0903978502524315	0.0520981082613575	NPX
ATP7A	4038.88550561995	331.378072678742	-139.491381622864	288.527403863617	0.631618211465106	0.827372631217408	0.438370639115663	0.000204194953915406	0.00112150151612	-0.0345370972830915	0.0714935597576725	-0.17466447440813	0.105590279841947	NPX
ATRX	6877.10009075856	377.819335096745	-32.3855298273164	327.555023408615	0.92177481596739	0.958106968693967	0.487655538484943	4.65828699069052e-05	0.000332601691135303	-0.00470918401650661	0.047630520314651	-0.0980650038332225	0.0886466358002093	NPX
BCAP31	3846.25400311106	160.723184266987	44.8739506088136	179.517655722286	0.803993600509252	0.910532170246927	0.133631123950692	0.103732821480959	0.154302571952927	0.0116669233421706	0.046675921218252	-0.0798178822456033	0.103151728929945	NPX
BCOR	2261.83701366597	150.916977634763	304.221909876189	145.402325435934	0.0433316279252471	0.1841594186823	0.508949417785765	2.32762130367268e-05	0.000184657956758033	0.134502136112411	0.0649084651314907	0.00728154445468884	0.261722727770133	NPX
BEX2	223.266537293362	22.5690861109844	-92.17297690566	26.2344237657184	0.00118544429447143	0.00984194449130931	0.221123968694449	0.0266046602405798	0.0507888402183093	-0.412838296428402	0.124693449059167	-0.657237456584371	-0.168439136272434	NPX
BEX4	912.613194975449	113.216993882895	-125.220684860367	116.874003022647	0.290921584679825	0.596890837532744	0.255949734625898	0.0141786407501395	0.0320365490367076	-0.137211126849569	0.129191532407011	-0.390426530367311	0.116004276668172	NPX
BEX5	95.2241958666342	15.8761353361437	-30.9111959439223	18.9082224569016	0.110571469910935	0.349327564231892	0.0151585090844223	0.401014498094385	0.457387143193915	-0.324614932818281	0.205808817013801	-0.728000214165332	0.0787703485287689	NPX
BRCC3	3277.6881735071	142.457645881427	-49.6428150924719	148.660996524277	0.740315434305065	0.889874107902048	0.252373519449196	0.0151613885250106	0.0336875182465268	-0.0151456796573039	0.0453602189455633	-0.104051708790608	0.0737603494760001	NPX
BRWD3	3160.43445373746	154.877494538348	-188.157266758345	148.228670565265	0.212235170923013	0.511274023399933	0.333660676242592	0.00286615919706746	0.009474248456973	-0.0595352536218033	0.0469920148849439	-0.151639602796293	0.0325690955526868	NPX
BTK	11441.8506942914	411.133540937318	-383.131896459666	383.479835492871	0.324239291427812	0.609583774764388	0.373469156828153	0.00112799006313155	0.00419471304727046	-0.0334851333666519	0.0335371331246481	-0.0992179142909622	0.0322476475576584	NPX
C1GALT1C1	1218.01784601843	69.7899887412582	45.1333569506887	78.9355803418859	0.57093229077305	0.808820745261821	0.0608250284926314	0.254789986142288	0.314740571116944	0.0370547583504009	0.0648413574141134	-0.0900343021812613	0.164143818882063	NPX
CA5B	261.0709210771	13.7254716901308	28.5706992730159	15.2935771091778	0.0696759287368708	0.248942092633243	0.244985952892426	0.0173821036162938	0.0373819939217884	0.109436543737395	0.058862026046192	-0.00593302731314171	0.224806114787931	NPX
CASK	654.895400395679	131.886578024138	474.794426589477	156.244498803869	0.00434155259039439	0.0312739093100543	0.236444131264924	0.0202990692511542	0.0423787586120588	0.72499276419198	0.279708816107193	0.176763484621881	1.27322204376208	NPX
CCDC120	456.684369421558	21.4255607053811	-32.9136690322649	23.3195373537026	0.166475001089253	0.450239207491388	0.220818342380775	0.0267459438684654	0.0507888402183093	-0.0720709339668308	0.0511745270224119	-0.172373006930758	0.0282311389970965	NPX
CCDC22	1478.98836573475	47.6064072828078	-57.6168070606074	52.5681719099585	0.280144330596304	0.584862725280004	0.124854039178417	0.11690707860337	0.168289625247593	-0.0389569035128845	0.0355654432084053	-0.108665172201359	0.0307513651755899	NPX
CD99	2896.09908610508	408.521988939542	1263.93263264437	418.279897053207	0.00454180720625467	0.0317926504437827	0.589217996008563	1.18621357418634e-06	1.46026981373973e-05	0.436425893958006	0.157001697452313	0.128702566951473	0.744149220964539	PAR1
CD99L2	2323.17721123155	155.885548930087	-68.132888464768	151.813650999201	0.656198633858828	0.838167504034137	0.29910880705797	0.00603948869336331	0.0158536578200787	-0.0293274607444387	0.0653770497274282	-0.157466478210198	0.0988115567213206	NPX
CDK16	3412.44162508782	120.058924969463	159.645058868976	141.059216703565	0.265017668919927	0.564302297420121	0.0631075466914811	0.248516216108738	0.310210801226641	0.0467832351168404	0.0413694980528824	-0.034300981066809	0.12786745130049	NPX
CDKL5	919.142543876653	122.234941923393	-276.886520443027	141.242902764587	0.0575165938054198	0.217564444239033	0.0262958971251439	0.361918324626839	0.422238045397979	-0.301244374213391	0.158804423442137	-0.61250104415998	0.0100122957331969	NPX
CENPI	1092.75377570436	56.2375947523601	44.279432890623	60.5531660485739	0.4692331812517	0.744094499567614	0.226736112902073	0.0241222740132044	0.047578186865823	0.0405209607828456	0.0554525926767363	-0.0681661208635576	0.149208042429249	NPX
CETN2	1248.56037042943	67.1065083853893	12.3089957372666	68.9727960947505	0.859334054125931	0.929643204008962	0.275881725594627	0.00965981642137975	0.0237831342236729	0.00985855071872341	0.0552444002639047	-0.0984204737985299	0.118137575235977	NPX
CFP	532.695774486369	64.0496279462165	-101.763134858953	80.2763370163011	0.212839158236872	0.511274023399933	-0.0534253793930024	0.669490038522178	0.709222385022011	-0.191034244559333	0.152438716744629	-0.489814129378806	0.10774564026014	NPX
CHIC1	1090.41097500796	70.325342859726	6.71934627781177	55.7207490637043	0.904668538204975	0.952704035808778	0.539187452495325	8.14747539755901e-06	7.45807363315017e-05	0.00616221446025219	0.0511022316459243	-0.0939981595657594	0.106322588486264	NPX
CHM	1981.47152291245	107.499228541349	356.645658431231	117.493424848506	0.00438009934314486	0.0312739093100543	0.290239812939688	0.00724676699197702	0.0184792558295414	0.179990302311798	0.0600947062681519	0.0622046780262203	0.297775926597376	NPX
CHST7	1130.7316482538	98.7008237838268	-37.7086461306026	110.43214784605	0.734685730299521	0.88609055985449	0.08984831706042	0.182671920874683	0.241532873156525	-0.0333488906840421	0.0977077024624776	-0.224855987510498	0.158158206142414	NPX
CLCN5	444.409809378796	37.8858586737102	41.8853986297018	45.3567449854765	0.361747959682429	0.645720108033135	-0.0502699577912589	0.656924733221425	0.70006605898522	0.0942494916758249	0.102376410289772	-0.106408272492128	0.294907255843778	NPX
CLIC2	1996.80056496252	256.881987517089	175.680751834771	273.477416385598	0.524576982853777	0.785314020828922	0.172589356755165	0.0587956861112219	0.0967283868281393	0.0879811208577398	0.137424698355744	-0.181371287919518	0.357333529634997	NPX
CMC4	1605.85817848997	66.8783277812107	-133.711185996049	75.4317573431854	0.0845269671944921	0.284680446117299	0.0929054009292821	0.176032062596862	0.234490471444327	-0.0832646293346908	0.0471006869961475	-0.17558197584714	0.00905271717775824	NPX
COX7B	4723.48499595378	202.781963598521	-334.036194026238	246.999140276086	0.184462619311939	0.479275159274693	-0.054390110636473	0.673317940779607	0.711167174137041	-0.0707181655731688	0.0523797745758179	-0.173382523741772	0.0319461925954342	NPX
CSTF2	2123.61569308642	89.023264424698	-35.0410582050501	72.1498807648074	0.630064676710451	0.827372631217408	0.518785638681337	1.66864088497966e-05	0.000138535999055288	-0.0165006589088265	0.0339820585191509	-0.0831054936063623	0.0501041757887093	NPX
CTPS2	1961.24035448168	87.316230848499	45.363769834003	94.1123363200516	0.632632841777846	0.827372631217408	0.219106944316541	0.0275490776795804	0.0520371467280963	0.0231301429885128	0.0479971790128233	-0.0709443278766208	0.117204613853646	NPX
CUL4B	6392.42454554778	308.366299916225	-285.077333059273	275.803265197727	0.308020193961408	0.607661531984756	0.422480617698465	0.000317620118006732	0.00155329290586854	-0.0445961201462792	0.0431989296075981	-0.129266022177171	0.0400737818846131	NPX
CXCR3	436.435288096465	120.999472982825	208.048943385089	142.489024645285	0.15270080105333	0.432652269651103	-0.002398267120725	0.466351050159193	0.521903839833329	0.476700553460068	0.352219592202044	-0.213649847255938	1.16705095417607	NPX
CXorf21	1566.96504467544	204.431268740375	962.867817304688	223.131980955916	0.000114119190039394	0.00135801836146879	0.474133015789955	7.10805552958364e-05	0.000478787891332332	0.614479449032075	0.163412980523436	0.294190007206141	0.934768890858009	NPX
CXorf23	391.436307227189	18.5071695622663	15.9373978290676	19.1655709379189	0.410989817210649	0.688842088000948	0.347822485266511	0.00207630775086874	0.00729125060567502	0.0407151752017158	0.0489999976759203	-0.055324820243088	0.13675517064652	NPX
CXorf38	3978.71285577175	192.495630540265	742.314521780585	210.714980824782	0.00115447075565049	0.00984194449130931	0.416607329638224	0.000372473221448688	0.00174964394812081	0.186571524181179	0.0537243278708757	0.0812718415542621	0.291871206808095	NPX
CXorf40A	1432.02324103319	54.7796349083438	25.9880062230193	64.6857218087888	0.69017344109773	0.858508426731323	-0.0308842975177896	0.578937186231302	0.632050689555275	0.0181477545045073	0.0451761945368802	-0.0703975867877778	0.106693095796792	NPX
CXorf40B	1773.13630391508	71.1918359701859	81.7579978188203	78.5227455263715	0.304538077076662	0.607661531984756	0.0990172996124138	0.163288713248089	0.221650458667558	0.0461092571610536	0.0443233434186427	-0.040764495939486	0.132983010261593	NPX
CXorf56	1248.13689889681	41.7901661623682	-43.1514508524031	43.2077426065948	0.324428339510458	0.609583774764388	0.224214712196245	0.02521163233338	0.0489160475163949	-0.0345726906163446	0.0346371393898107	-0.102461483820374	0.0333161025876845	NPX
CXorf57	1066.24593489942	48.7741263271674	-282.167230678769	48.7243198020469	1.20458544654059e-06	2.047795259119e-05	0.560870968015746	3.64650451087986e-06	3.82882973642385e-05	-0.26463616079848	0.0472732986987538	-0.357291826248038	-0.171980495348923	NPX
CXorf65	36.9124790293493	2.8098037065093	0.918205631046636	2.94254013303808	0.756757906113039	0.894578054577334	0.19191360907371	0.0433736723865835	0.0751669953495646	0.0248752090130974	0.0797391613464579	-0.13141354722596	0.181163965252155	NPX
CYBB	6360.73403339916	515.89368104465	968.098113574082	619.728709822794	0.126770568581372	0.377933328489505	0.0997826404280366	0.161742352917611	0.221233793071215	0.152199118606557	0.098209261258888	-0.0402910334608636	0.344689270673977	NPX
CYSLTR1	1098.21954555891	77.1146218613761	-219.461524236268	89.9176663353004	0.0195659650619881	0.10264227574394	0.0641433964682587	0.24570303658284	0.308391349950034	-0.199833926762411	0.0830695517918758	-0.362650248274488	-0.037017605250335	NPX
DDX26B	1765.47828107426	67.7708818077365	39.0811843863427	61.257615172518	0.527415146875078	0.785314020828922	0.42545530292234	0.00029276195265864	0.00147379225197493	0.0221363155838782	0.0347078652731238	-0.0458911003514444	0.0901637315192008	NPX
DDX3X	21260.8606126397	1002.85071119558	7725.02465858453	1140.72746551853	5.7162190328031e-08	1.20040599688865e-06	0.688388700283796	1.02937166274775e-08	2.04158713111637e-07	0.363344871091059	0.0563246684949297	0.252948520840997	0.473741221341121	NPX
DHRSX	807.934887859396	59.9727140478233	521.397872878864	72.0853200469168	1.38968184518076e-08	3.10072761705958e-07	0.685328266872997	1.2202378705397e-08	2.29276273569827e-07	0.645346401936294	0.101268394531268	0.446860348655009	0.843832455217579	PAR1
DIAPH2	1609.05999588782	86.2867360732979	-105.625571483501	83.0086021210207	0.211146466367499	0.511274023399933	0.322816888832664	0.00364399707128275	0.0111636928166792	-0.0656442716576396	0.0517082221726246	-0.166992387115984	0.0357038438007047	NPX
DKC1	7913.65736489873	313.959665019335	500.872067502102	340.222847067385	0.149425835982035	0.426760187564693	0.216381052228876	0.0288711271462361	0.0534041056539186	0.0632921093758412	0.0430651263235898	-0.0211155382183947	0.147699756970077	NPX
DLG3	399.536063968325	51.5086787493816	93.0403299805414	59.0601553090118	0.123688973649046	0.377409945236834	0.224433439507063	0.0251154795418666	0.0489160475163949	0.232870917975298	0.150839704661866	-0.0627749031619601	0.528516739112556	NPX
DMD	2309.08500332226	276.280694971938	151.669834176784	301.844805248219	0.618310248865012	0.827372631217408	0.156493089893344	0.07488802419617	0.117258879991371	0.0656839544488683	0.13095655934371	-0.190990901864803	0.32235881076254	NPX
DNASE1L1	1204.15758282039	66.0750535281182	-200.713992932855	82.8183395213431	0.020377830602421	0.103926936072347	0.0503147151738708	0.285000670169365	0.346072242348515	-0.166684158117197	0.0693824975891404	-0.302673853391912	-0.0306944628424813	NPX
DOCK11	3629.06970836974	219.790086864952	-29.8945464162986	186.531398641776	0.873543727232291	0.939322622355204	0.535254570453208	9.38191602855319e-06	8.37336005548372e-05	-0.00823752333755195	0.051401653911621	-0.108984765004329	0.0925097183292251	NPX
DYNLT3	1080.57641326387	66.5217884554831	33.8198372535283	44.9845535427719	0.456921322901261	0.731483911550448	0.661329920014632	4.36492289310535e-08	6.7751194471244e-07	0.0312979599021377	0.0416747091475769	-0.0503844700271131	0.112980389831388	NPX
EBP	2940.43791284229	128.805866056098	-337.19038305545	136.568355210011	0.0182890219975062	0.0987411184347387	0.223374156085193	0.0255841035034251	0.0493704051390419	-0.114673525865919	0.0467157611242621	-0.206236417669473	-0.0231106340623654	NPX
EDA2R	895.525760344938	66.5306657672946	39.8710060903562	71.38593160717	0.579848878703113	0.809608096061809	0.169718372309856	0.0614350467493882	0.100320283752177	0.0445224558085284	0.0797825854257283	-0.111851411625899	0.200896323242956	NPX
EIF1AX	8268.20443078421	476.10210977754	5085.45079718363	481.920547497447	1.03809711182115e-12	4.63250836150189e-11	0.831972685394541	1.79486541040802e-13	1.06794491919277e-11	0.615061086086534	0.0682026008943949	0.48138398833352	0.748738183839548	NPX
EIF2S3	18659.3206456755	804.703970691934	5664.08271630998	888.121844408584	1.93829652463776e-07	3.64195715418779e-06	0.682369200867078	1.43593159305021e-08	2.56313789359462e-07	0.303552461735668	0.0493641558542435	0.20679871626135	0.400306207209985	NPX
ELF4	5132.6213966801	131.218794685481	-0.992324109599229	150.394612275348	0.994770935189516	0.994770935189516	0.0614508195544423	0.253059684876936	0.313688567712036	-0.000193336705146631	0.0293017159832506	-0.0576247000323178	0.0572380266220245	NPX
ELK1	6468.56646471573	231.595973595392	71.9219066231725	270.923320534366	0.792121288762389	0.903473802198636	0.0190995167253745	0.386952006722591	0.447061056310566	0.0111186778423762	0.0418849461026184	-0.0709758165187559	0.0932131722035083	NPX
EMD	3574.8126206903	108.917512192599	-19.786173049977	106.095442003732	0.8530761015038	0.925678322908378	0.312222647800545	0.00458207260505421	0.0129825390476536	-0.0055348839643954	0.0296790813855185	-0.0637058834800116	0.0526361155512208	NPX
ENOX2	871.456055087636	30.0690964072688	12.8341577023272	32.398325742152	0.694279666875534	0.86061750373113	0.242498871193458	0.0181910865205468	0.0386560588561619	0.0147272574760371	0.0371807067617819	-0.0581469277770554	0.0876014427291295	NPX
ERCC6L	1035.98143666264	69.2214643280982	76.7981486163078	66.9480628122577	0.258691690436006	0.564302297420121	0.423945451455921	0.00030514685275937	0.00151301981159854	0.0741308153780331	0.0648123896939469	-0.0529014684221028	0.201163099178169	NPX
F8	671.050060112885	42.2976002765453	-78.0164539261427	49.4092250909167	0.122851710218381	0.377409945236834	0.0513418718932976	0.281953095724117	0.345901220527524	-0.116260259201852	0.0739934878672234	-0.26128749542161	0.0287669770179054	NPX
F8A1	2183.95114855246	217.310542782475	-141.808125657794	225.101716432546	0.532583332532324	0.785314020828922	0.214840252473715	0.0296422388282724	0.0541312115371311	-0.0649319128551869	0.103273158999847	-0.267347304494887	0.137483478784514	NPX
F8A3	537.788498467272	99.0439386710126	-27.0910643322921	125.919460960783	0.830835043248827	0.924012805108508	-0.15839656299995	0.969740535826629	0.969740535826629	-0.0503749418395952	0.23432682035593	-0.509655509737217	0.408905626058027	NPX
FAAH2	184.943662431544	20.6929614480876	16.3389009392777	24.3293841351235	0.506028708428209	0.7687329740803	0.130398478804625	0.108441407611878	0.158662223432133	0.0883452870158523	0.131921096445105	-0.170220062016554	0.346910636048259	NPX
FAM104B	411.413976106357	16.5600403214894	20.508027361864	19.4331007057745	0.298124112837772	0.604115709211503	0.0218947217117497	0.377127203517901	0.438548572169025	0.0498476681710064	0.0472775022086617	-0.0428162361579706	0.142511572499983	NPX
FAM120C	440.726188061387	20.8987114101601	29.2464419293538	24.4412429492019	0.239073088935993	0.54018413133006	0.0168720954223307	0.394870319910937	0.453275576232169	0.0663596643938939	0.0555459543954022	-0.0425104062210944	0.175229735008882	NPX
FAM122B	2918.85356285453	59.5301003631831	65.1551759652766	67.2413286897122	0.338849342049729	0.622175450449098	0.123209509497224	0.119514789620804	0.168643398792993	0.0223221804596313	0.0230413949952677	-0.0228389537310934	0.067483314650356	NPX
FAM122C	183.557191835961	7.03314246674531	5.56602760522733	8.20766790948269	0.501896158537621	0.765713370076627	-0.00892575355616421	0.491594128420732	0.546726180206235	0.0303231246324661	0.0447295914009415	-0.0573468745133793	0.117993123778311	NPX
FAM127A	1175.73944015334	57.2560444432911	-140.082196538205	55.4289054887664	0.0159001140912969	0.0886928239155153	0.464791154121629	9.44414453096549e-05	0.000591501683781523	-0.119143912123877	0.0474995601627996	-0.212243050042964	-0.0260447742047894	NPX
FAM127B	487.208945875853	29.4460132207859	-33.0930898498264	29.0303231287066	0.261633426012354	0.564302297420121	0.343569846948604	0.00228979401107583	0.00778529963765781	-0.0679238140636666	0.059726204085323	-0.1849871740709	0.0491395459435665	NPX
FAM156A	809.106876216649	49.6074772141796	42.3970043708397	41.0451242458823	0.308338343791261	0.607661531984756	0.522240049334219	1.48169607620986e-05	0.000129015975416322	0.0523997578281455	0.050830557407966	-0.0472281346914679	0.152027650347759	NPX
FAM156B	324.086301371762	26.3182239591349	-15.8064232177719	27.5280470250576	0.569311530128669	0.808820745261821	0.213966871733545	0.0300871287456948	0.0545233754427059	-0.0487722657541153	0.0850327736792353	-0.215436502165417	0.117891970657186	NPX
FAM199X	2209.82941211231	85.8488622889355	-86.9651485525068	71.7992637427637	0.23348830202623	0.534328998867719	0.483037773999396	5.38964734833934e-05	0.000370020019876374	-0.0393537836340858	0.0325268120987137	-0.103106335347565	0.024398768079393	NPX
FAM3A	1403.13779013939	55.7113064175976	-46.9320991015345	56.283516300037	0.409715774841801	0.688842088000948	0.341397455890285	0.00240633175679104	0.00810434374692831	-0.0334479617264618	0.0401345864808358	-0.1121117512289	0.0452158277759763	NPX
FAM50A	2986.93365439933	132.28763773147	-193.614060580341	135.276730528295	0.160753086512144	0.44033124196691	0.294963528882709	0.00657941535306812	0.0171448998616447	-0.0648203418563298	0.0453803960370489	-0.153765918088946	0.024125234376286	NPX
FAM58A	779.118720633078	40.4553238083659	7.67663933507656	39.7178894414498	0.847797480329554	0.925678322908378	0.286005982878123	0.0078953842235236	0.0198496631535065	0.00985297764227621	0.0509805354747069	-0.0900688718881494	0.109774827172702	NPX
FANCB	374.576165237488	18.1255746234662	14.7179767722367	21.3240278793677	0.494371486237076	0.764028660548208	7.40844939619567e-05	0.456910619123443	0.514564955921354	0.0392923472931207	0.0569601586732821	-0.0723495637065123	0.150934258292754	NPX
FHL1	236.409474567281	125.191768220194	34.1486426301633	150.75886548599	0.822050245928419	0.919694375997493	-0.0427664975682209	0.626834150926212	0.676071878793528	0.144447013778396	0.642273572059439	-1.1144091874581	1.4033032150149	NPX
FLNA	29513.9183470668	2383.12891462081	-1395.77202764176	2542.46323637885	0.586314356427168	0.814452238305444	0.186435061501277	0.047353196023742	0.0805004332403615	-0.0472919932632555	0.0862291459038618	-0.216301119234825	0.121717132708314	NPX
FMR1	2709.04663830949	92.6288750829641	-87.4339014974958	100.767448937229	0.391162439396194	0.671370148386737	0.123276395888808	0.11940785327457	0.168643398792993	-0.032274786362503	0.0372130126039842	-0.105212291066312	0.040662718341306	NPX
FOXO4	542.613041742402	21.3240363211546	-8.05185703070922	26.2630875247454	0.760878336293122	0.894685483254738	-0.0933861309425934	0.81771401459932	0.834068294891307	-0.0148390407367535	0.0484046487320273	-0.109712152251527	0.08003407077802	NPX
FTSJ1	2730.57816032755	108.86012166196	6.72387772243417	114.409127491715	0.953451205955487	0.966994546949173	0.181760313858903	0.0509872138040742	0.0850581090096004	0.0024624373768622	0.0418993468811935	-0.079660282510277	0.0845851572640014	NPX
FTX	82.8117449619317	5.80900286088262	20.5806330082361	5.41256328273505	0.000519263434843552	0.0050101904388959	0.372614021946665	0.00115182160847026	0.00423917849715342	0.248523117315025	0.0676448490833358	0.115939213111687	0.381107021518364	NPX
FUNDC1	846.270706932295	39.0535382262031	252.022948441944	47.6794386484019	5.81643318714608e-06	8.30586659124461e-05	0.562282834406882	3.45502804046952e-06	3.73771215287157e-05	0.29780417350793	0.0579925750045115	0.184138726499088	0.411469620516773	NPX
FUNDC2	4191.31499475526	223.577729027442	-209.895590131396	261.795899813118	0.427815339664093	0.710372447721308	-0.0145232944854172	0.513562266436272	0.566951686174104	-0.0500786961595694	0.0625186167551444	-0.172615184999652	0.0724577926805137	NPX
G6PD	2621.52724094984	130.210837756875	-133.956156826326	123.172065500744	0.283826456104462	0.589104911798215	0.337083347450606	0.00265377067481521	0.00885416944774794	-0.0510985179684001	0.047053351642463	-0.143323087187628	0.0411260512508274	NPX
GDI1	6480.9382604974	201.52105157988	-341.549190815341	158.854562496848	0.0381538382904147	0.168159509502198	0.661358147891488	4.35863896149655e-08	6.7751194471244e-07	-0.0527005777692948	0.0245657605994058	-0.10084946854413	-0.00455168699445947	NPX
GEMIN8	1037.56563661921	50.7105949498514	157.723061584739	62.1991118047047	0.01557490416515	0.0882577902691835	0.122132456364526	0.121247030503993	0.170414133424903	0.152012611075537	0.0604057952554485	0.0336172523748585	0.270407969776216	NPX
GK	1712.78990640027	89.2018097376901	51.2636858127389	106.252813527512	0.63231502764541	0.827372631217408	-0.0454038277250031	0.637436977111821	0.683378380867628	0.0299299322241328	0.0620545168978838	-0.0916969208957196	0.151556785343985	NPX
GLA	2088.64169403272	129.372319761174	-258.220875569664	164.798349618623	0.125654123118221	0.377933328489505	-0.137373795812133	0.935983734762994	0.938612902557272	-0.12363100684402	0.0792729059239067	-0.279005902454877	0.0317438887668376	NPX
GNL3L	1099.61482988461	47.7865526552881	-59.7888362657499	52.1671371186085	0.259111628845605	0.564302297420121	0.11796118909541	0.128140122833355	0.179396171966697	-0.0543725263072562	0.0475000895330925	-0.147472701792117	0.0387276491776052	NPX
GPKOW	1522.68429296844	46.6525423990553	-33.9447124025455	54.6230867731549	0.538123489070429	0.787336416385833	-0.0147720151719839	0.514544387452128	0.566951686174104	-0.0222926791583112	0.0358793920035504	-0.09261628748527	0.0480309291686475	NPX
GPR174	294.835154651788	72.8742501525432	334.12268467499	88.628986785266	0.00057040178666059	0.00535877467994291	0.378034207738942	0.00100818592617008	0.00378865658571281	1.1332525290941	0.410880215776545	0.327927306172075	1.93857775201613	NPX
GRIPAP1	3227.64640227436	93.7701097610823	-26.1554612867284	91.354010455251	0.776238633394768	0.894685483254738	0.308692873653339	0.00493958868521125	0.013776821567347	-0.00810357084601894	0.0283045784090804	-0.0635805445278166	0.0473734028357787	NPX
GSPT2	1164.64953498272	41.061757242571	23.7526049921626	44.5679363058227	0.59725305380217	0.819456420155731	0.175420196463689	0.0562860080199694	0.0930282632552271	0.0203946374241372	0.0382740061232359	-0.0546224145774051	0.0954116894256796	NPX
GTPBP6	1774.54608332943	136.532913444986	1438.96938299322	123.917626261594	6.70221612714838e-14	3.98781859565328e-12	0.805491071841011	2.47902088239065e-12	9.83344950014959e-11	0.810894344481268	0.0936419458426858	0.627356130629604	0.994432558332932	PAR1
HAUS7	672.603845463585	32.3371071974477	41.6287770281548	36.938130740626	0.267004219167596	0.564302297420121	0.147261904931823	0.0856323099370378	0.130644165160353	0.0618919700042193	0.0549986623892447	-0.0459054082787002	0.169689348287139	NPX
HCCS	1966.38752039698	65.0264147672059	-29.1726909519583	78.9087189918503	0.713712405874004	0.872916472075258	-0.0872470278995412	0.796816940564281	0.818041936112777	-0.0148356774284597	0.0401317721279235	-0.0934939507991898	0.0638225959422704	NPX
HCFC1	6760.12852710381	360.320540981408	347.17778542922	359.041518801414	0.339843733438583	0.622175450449098	0.308009126524299	0.0050116606929422	0.0138694795920958	0.0513566841277142	0.053182135245053	-0.0528803009525897	0.155593669208018	NPX
HDAC6	2308.83136525814	72.0607755809805	68.453312981807	72.949679772328	0.354143148784608	0.635322131236708	0.243690500733871	0.0177994744612552	0.0380503735489109	0.029648468056979	0.0316094800552488	-0.0323061128513087	0.0916030489652666	NPX
HDAC8	1140.60111516091	36.6731003257684	43.8558740933685	43.6795902846978	0.32188274921101	0.609583774764388	-0.0338205845820034	0.590772342223623	0.641050839434144	0.0384497906502412	0.0383151865301571	-0.0366479749488666	0.113547556249349	NPX
HDX	328.180096514101	25.3308934475595	-73.2782144269254	30.8350996343427	0.0227668169640816	0.112885467446904	0.0447210839864531	0.30195390696674	0.361736727473578	-0.223286589300448	0.0955254443864729	-0.410516460297935	-0.0360567183029612	NPX
HMGB3	2276.40326563102	140.314679664518	-80.0257325317592	131.82260822575	0.54751112564588	0.794558828681216	0.408028881338777	0.000468294347924777	0.00214334720780955	-0.0351544621904133	0.0579488117771498	-0.148734133273627	0.0784252088928003	NPX
HMGN5	1923.23599773253	148.200867709484	-300.922227258388	144.856728521899	0.044762677331387	0.184474141763873	0.292288700161741	0.00695024806148759	0.0178506371075617	-0.15646661544042	0.0762782003984853	-0.305971888221451	-0.00696134265938858	NPX
HNRNPH2	5390.33663946957	225.060943411426	-109.487668424252	243.260578580395	0.655276051686961	0.838167504034137	0.169330004643774	0.0617994929182031	0.100320283752177	-0.0203118424223363	0.045136982052423	-0.108780327245085	0.0681566424004128	NPX
HPRT1	5457.52901894014	191.081296982068	90.9696681052291	200.939079295903	0.653392040811705	0.838167504034137	0.222812382191871	0.0258356769367448	0.0495878315398811	0.0166686549516315	0.0368233169508239	-0.0555050462719833	0.0888423561752463	NPX
HSD17B10	3641.0869752545	201.342820888208	-201.344976901848	235.948151981214	0.398959311326983	0.678230829255871	-0.0135974320316747	0.509910540079867	0.5653355987842	-0.0552980410163848	0.0648736760558809	-0.182450446085911	0.0718543640531419	NPX
HTATSF1	4228.89158840312	179.492472805795	-37.4079053977079	145.213355856473	0.798137981888679	0.907437132274708	0.554674951908628	4.60954161324679e-06	4.70173244551172e-05	-0.00884579436850345	0.0343404489707698	-0.0761530743512122	0.0584614856142053	NPX
HUWE1	25202.9799059296	1339.80243988471	1236.29880394847	1564.46531011597	0.43442500684907	0.711438197111909	0.0950490270887991	0.171482355858674	0.229285397159351	0.049053675738463	0.0621293665648784	-0.0727198827286986	0.170827234205625	NPX
IDH3G	3554.75475938369	118.751696018528	-217.453165315225	126.595992069913	0.0942124621607644	0.308567421939384	0.224719350607167	0.0249902700040338	0.0489160475163949	-0.0611724802509093	0.0356717271814041	-0.131089065526461	0.00874410502464271	NPX
IDS	14195.4718877348	647.827221158615	410.486917837277	648.403670800838	0.530579612506252	0.785314020828922	0.26960671975563	0.0109209333360674	0.0265222666733064	0.0289167504316602	0.0456958548666201	-0.0606471251069151	0.118480625970236	NPX
IGBP1	6679.65651953825	294.045473287651	-560.516495260143	321.390384566765	0.0894566489848244	0.29570392303317	0.123816374965556	0.118547271684548	0.168643398792993	-0.0839139697708424	0.0482564001059647	-0.178496513978533	0.0106685744368483	NPX
IKBKG	1276.9666041542	60.5419562169067	-19.8297208440333	60.3334423397912	0.74425906494466	0.890379415976085	0.28668274166202	0.00778836309322428	0.0197194725126317	-0.0155287701178117	0.0472532065850632	-0.108145055024536	0.0770875147889121	NPX
IL13RA1	416.528578332467	70.7114533161527	-46.4527967735994	81.9913584463723	0.57443595752883	0.809608096061809	0.00590112109036867	0.434954001942481	0.4945177665397	-0.111523672540234	0.197752881677732	-0.499119320628589	0.276071975548121	NPX
IL2RG	20576.3929704289	765.512641078188	970.329662305462	883.204630911106	0.279020167697087	0.584862725280004	0.110061578022896	0.142016471712404	0.195859503675465	0.0471574227659803	0.0429590395956477	-0.0370422948414892	0.13135714037345	NPX
IL3RA	727.482200694059	169.793367901397	798.358991820527	192.278342385777	0.00018588665845881	0.00195180991381751	0.388888145378889	0.000768411154890688	0.00309395241651001	1.0974275261427	0.368055303790196	0.376039130713915	1.81881592157148	PAR1
IL9R	197.303604059689	26.5364347345622	-22.1168862242771	30.8061132323328	0.477304314848694	0.744094499567614	0.00417736354656795	0.441404407772466	0.498675232831551	-0.112095703115419	0.156861776437989	-0.419544784933878	0.19535337870304	PAR2
IRAK1	5112.09966732218	240.546181355667	440.848689144307	208.894970412207	0.0416466088911329	0.17913059486909	0.450042469826718	0.000146088562384241	0.000869226946186234	0.0862363251566323	0.0410638319329806	0.00575121456799035	0.166721435745274	NPX
ITM2A	3565.2101260408	383.933902132405	111.061457924387	455.007347791685	0.808511759014778	0.910532170246927	-0.033513020359619	0.589532138694837	0.641050839434144	0.0311514480207433	0.127668354217776	-0.219078526246097	0.281381422287584	NPX
JADE3	680.309750634621	113.279390197869	-26.5826632639298	136.390604107915	0.846536756687141	0.925678322908378	-0.0739260666452926	0.748749988397016	0.781589900168815	-0.0390743528798939	0.200588642604928	-0.432228092385553	0.354079386625765	NPX
JPX	517.269799592244	23.6720844018545	356.302841749546	24.9258654466773	1.20886811565401e-16	1.0789147932212e-14	0.897478986416382	2.34002766879737e-17	2.08847469440166e-15	0.688814313208338	0.0575820598488635	0.575953475904565	0.80167515051211	NPX
KANTR	91.6844436219152	5.42568511934115	-3.43430256027452	6.13080913275163	0.578738836712024	0.809608096061809	0.0836808979465706	0.196614683754904	0.255241607638184	-0.0374578546218458	0.0669053172810275	-0.16859227649266	0.0936765672489681	NPX
KDM5C	7053.77893845185	216.646806188614	4663.27527949668	273.430216559386	4.0823805825485e-19	1.45740986796981e-16	0.915721036667202	6.57292690132107e-19	2.34653490377162e-16	0.661103122196818	0.0437596529961421	0.57533420232438	0.746872042069257	NPX
KDM6A	1899.2003808274	96.1677067662169	1605.14740115747	105.859136394029	1.85896536882858e-17	2.21216878890601e-15	0.9028795474939	8.7338798788705e-18	1.48318907584963e-15	0.845170113360116	0.0702730799843221	0.707434876590845	0.982905350129387	NPX
KIF4A	2801.40672975059	150.770722304341	-40.4514763698508	133.075835917404	0.762851341515143	0.894685483254738	0.492180435729535	4.03167075936689e-05	0.000293736012468159	-0.014439701290163	0.0475095749442075	-0.10755846818081	0.0786790656004837	NPX
KLF8	750.79024709944	53.7619026363202	-174.426530782891	66.4949701593745	0.0125794716788486	0.0736208424483434	0.0792044164092922	0.207198019753714	0.267038603076086	-0.232323916642179	0.0901155239728861	-0.408950343629036	-0.0556974896553221	NPX
KLHL15	1330.07373761558	75.8231275452152	-18.8297531920864	84.2494989648045	0.824375911258257	0.919694375997493	0.0868254736522837	0.189413775968691	0.247694937805211	-0.0141569242813879	0.0633471171840418	-0.13831727396211	0.110003425399334	NPX
KRBOX4	815.545659978151	42.213369334492	-50.0692284408122	44.4398551594699	0.267134701019609	0.564302297420121	0.190439101337759	0.0444159331567674	0.0762331160431056	-0.0613935318375106	0.0545835285767858	-0.168377247848011	0.0455901841729896	NPX
LAGE3	755.273967302616	64.5256231392916	-83.5092446699023	65.3113980034639	0.208988947061277	0.511274023399933	0.319585533646404	0.003909940580982	0.0114819466199688	-0.110568149155395	0.086988196209303	-0.281065013725628	0.0599287154148393	NPX
LAMP2	6315.66935764523	303.178705758943	114.314253386689	283.89139222196	0.689508920797565	0.858508426731323	0.399600770432175	0.000583922472505901	0.00258548804388166	0.0181001010206953	0.044958722183124	-0.0700189944582277	0.106219196499618	NPX
LAS1L	3645.25377605302	129.791470808853	134.241870854238	133.379116849794	0.320727346149527	0.609583774764388	0.268790005446631	0.0110953221776653	0.0267637163339628	0.0368264815295222	0.0366132898211593	-0.03493556651995	0.108588529578994	NPX
LINC01420	1684.58988897287	63.2276222385667	-67.7787782372515	75.9712167837987	0.378070816327423	0.661623928572991	-0.0510284549222269	0.659951032615463	0.70119797215393	-0.0402345868753716	0.0451230284033133	-0.128675722545866	0.0482065487951224	NPX
MAGED1	10834.3736567152	646.694578727896	-710.656967493568	756.13807755414	0.353389722271393	0.635322131236708	0.00530092583629693	0.43719555665591	0.495488297543364	-0.0655928058243682	0.069900391362431	-0.202597572894733	0.0714119612459966	NPX
MAGED2	4520.13860638757	233.892109382443	-560.326433916102	277.259586768202	0.0505659986027357	0.200578461124185	0.0395049470178055	0.318299120693565	0.376267503601333	-0.123962223884968	0.0616732070501909	-0.244841709703342	-0.00308273806659376	NPX
MAGEH1	895.551065900443	47.6801211625259	-11.1311614713593	57.4667434187753	0.847472272859761	0.925678322908378	-0.0660900150834411	0.719056195414717	0.755009005185453	-0.0124293989423901	0.0641725540285098	-0.138207604838269	0.113348806953489	NPX
MAGT1	7183.35705094165	330.084741323248	-385.066469787967	380.834582597452	0.318529578860854	0.609583774764388	0.0176947224954539	0.391936869642923	0.451359556330721	-0.0536053640459775	0.0530734327034711	-0.157629292144781	0.0504185640528259	NPX
MAP7D2	90.7411915806209	148.098181280858	480.384229968798	184.596108390295	0.0132401025725408	0.0762373648128556	0.0969933324152106	0.167430827793365	0.225557756687665	5.29400398651356	8.87656780359679	-12.1040689085361	22.6920768815633	NPX
MAP7D3	1912.07487017361	70.0642624768922	14.9656618526759	51.7620196528267	0.77410005153562	0.894685483254738	0.597945425273544	8.24582442188608e-07	1.05134261379048e-05	0.00782692251549599	0.0270726451654233	-0.0452354620087337	0.0608893070397257	NPX
MBNL3	2555.94950662632	205.501746251769	27.8430032406625	206.083629927951	0.893260900278001	0.946622401578729	0.322058037334639	0.00370494698328664	0.0111636928166792	0.0108934089536899	0.08063374792007	-0.147148736969647	0.168935554877027	NPX
MBTPS2	1582.71659501666	66.3645816352797	128.462445397572	48.6409186798832	0.0120359357467161	0.0728276112131805	0.654385726549024	6.1970539759546e-08	9.21811778923247e-07	0.0811657916534449	0.0309204215667034	0.0205617653827062	0.141769817924184	NPX
MCTS1	3488.84700591914	103.473180336829	-125.364082466526	128.827408781462	0.336814646152695	0.622175450449098	-0.134939156832532	0.931087366395229	0.936332929022807	-0.0359328116864497	0.0369408721853943	-0.108336921169823	0.0364712977969232	NPX
MECP2	3482.8859171657	181.50778541995	-260.958582815434	201.778812459336	0.203927260198131	0.511274023399933	0.116496807349657	0.130630399100983	0.182168173746293	-0.074925963417084	0.0580658102909469	-0.18873495158734	0.0388830247531719	NPX
MED12	3110.59039078783	167.14978599798	310.30370454561	185.743351036576	0.103239074371478	0.332039185140699	0.247976192942989	0.016451171496423	0.0358113916111159	0.0997571732570739	0.0599533417034994	-0.017751376481785	0.217265722995933	NPX
MED14	4539.54733401377	236.947338180964	975.073784231918	264.173187200223	0.000715695698119048	0.00638758410571251	0.454154243391704	0.000129553012324116	0.000783905515249313	0.214795377707799	0.0592638853810041	0.0986381623610305	0.330952593054567	NPX
MID1IP1	4105.80172935297	403.674786390451	1069.44091852768	439.219228348498	0.0198384230429464	0.10264227574394	0.216760831307192	0.028683730056594	0.0534041056539186	0.260470667855707	0.109997853520252	0.0448748749560124	0.476066460755401	NPX
MMGT1	2514.51872800615	93.8446312064125	-131.138312421542	91.4386680773104	0.159922778003983	0.44033124196691	0.310745450702988	0.00472877026217918	0.0132926849102202	-0.0521524500736277	0.0364163346298307	-0.123528465948096	0.0192235658008404	NPX
MORF4L2	9918.71752704567	291.522277820589	41.4328804105016	353.787030129426	0.907404324333311	0.952774540549977	-0.0880320474484175	0.799537354189529	0.818041936112777	0.00417724169455631	0.0356688377265705	-0.0657336802495219	0.0740881636386345	NPX
MOSPD1	639.834610354675	27.1400319129852	-56.2759223050516	31.1627771777429	0.079079360968433	0.271455114093563	0.0283594918508455	0.354900238894085	0.415407820607175	-0.0879538577537352	0.0488471048953763	-0.183694183348673	0.0077864678412024	NPX
MOSPD2	1377.56727591867	48.1701359305754	-69.995118082682	50.6609837282744	0.175369379195593	0.460344620388431	0.186702733848829	0.0471518739693183	0.0805004332403615	-0.0508106713234775	0.0368185815010279	-0.122975091065492	0.0213537484185372	NPX
MPP1	849.150656291181	75.0562116679436	344.995819129182	89.1623713954394	0.000427538488258449	0.00423975667522962	0.358492330183996	0.0016176026351869	0.00589269531389513	0.406283403979235	0.110972989941374	0.188776343694142	0.623790464264327	NPX
MSL3	4499.64370807103	738.759520918356	3556.11708185837	797.253273023888	7.36303487663521e-05	0.000938786946770989	0.408418511763946	0.000463494429200957	0.00214334720780955	0.790310814049508	0.219612209239032	0.359870883941005	1.22075074415801	NPX
MSN	54270.8921301976	2085.66677767126	3958.46608199327	2073.39997323243	0.0640190441463883	0.233212232247557	0.389452144304703	0.000757507101977292	0.00309395241651001	0.0729390272873492	0.0383073357400301	-0.0021433507631098	0.148021405337808	NPX
MTM1	620.659551481505	46.1761049508788	54.7730884491718	57.3106388302045	0.345415327865896	0.62864427703225	-0.0774418515483619	0.761759662218433	0.792851893329389	0.0882498115406896	0.092571414063941	-0.0931901600246347	0.269689783106014	NPX
MTMR1	3629.17124634795	120.130301863443	200.324216668982	150.089562234017	0.190130782630915	0.488321506469329	-0.11954455103078	0.895423029671644	0.905569466268489	0.0551983367747028	0.0413967707928644	-0.0259393339793115	0.136336007528717	NPX
MTMR8	167.924336214661	5.98910106240246	-7.67880447100835	6.33236387224291	0.232957900341886	0.534328998867719	0.184286715896186	0.0489953094354401	0.0825062522096799	-0.0457277643259069	0.0377448766920176	-0.119707722642261	0.0282521939904477	NPX
NAA10	2740.59143285702	128.821553706929	214.892776593065	154.33997088785	0.172133426616842	0.458594278374721	0.0289303767119246	0.352971700266379	0.414509529589136	0.0784110955090606	0.0564367806144427	-0.0322049944952472	0.189027185513368	NPX
NDUFA1	3098.34772595895	147.224711774594	-125.284311362916	173.275220349033	0.474203564296815	0.744094499567614	-0.0203151385963913	0.536545431976783	0.589374520663728	-0.0404358459553276	0.0559580365932078	-0.150113597678015	0.0692419057673597	NPX
NDUFB11	4197.27242516324	208.086520996105	-385.156637736715	231.236566689225	0.104231369418296	0.332237490020818	0.163989267967703	0.0669950486108626	0.106773358723562	-0.0917635546903381	0.0552796185475702	-0.200111607043576	0.0165844976628996	NPX
NGFRAP1	664.287047805701	88.3412941221183	-322.476996306483	108.9610939037	0.00534815597042231	0.0367171477200147	0.129788203304835	0.109348911574616	0.159336985437298	-0.485448267238841	0.176274357890212	-0.830946008703656	-0.139950525774026	NPX
NKAP	2306.4930352363	59.1767675256354	-25.4339101614944	65.155590513634	0.698511332256012	0.862866939845662	0.132313143535274	0.105632658286788	0.155829995902411	-0.0110270916811542	0.0282501863828312	-0.0663974569915033	0.0443432736291949	NPX
NKRF	2570.56906574182	64.213259978593	-58.4666712566615	69.1774051340496	0.403448272309184	0.6826115318217	0.154331598159146	0.0772997932122343	0.12050666452737	-0.0227446412686792	0.0269173164095222	-0.0755025814313427	0.0300132988939843	NPX
NONO	29019.4350326028	685.263015349133	-1123.61942157328	719.805511563027	0.127036412937649	0.377933328489505	0.185270629944706	0.0482374109173575	0.0816149559123062	-0.0387195484788354	0.0248211024282	-0.0873689092381074	0.00992981228043657	NPX
NSDHL	1933.45532966522	73.25670089828	-28.1007754380966	69.6338272520836	0.688866006699702	0.858508426731323	0.347447917738214	0.00209436108603271	0.00729125060567502	-0.0145339667314487	0.036019433958411	-0.0851320572899342	0.0560641238270367	NPX
NXT2	1784.2983367837	78.4208309746083	30.5494935434196	71.6235538100676	0.672194215787585	0.845148570604824	0.382069805883551	0.000912049791595247	0.00351217977248549	0.0171212923946826	0.0401480717308344	-0.0615689281977527	0.0958115129871179	NPX
OCRL	705.239441081229	37.2252014200234	39.9888277529126	45.4483506794872	0.384606743535093	0.666527220592371	-0.0880821354245387	0.799710464155068	0.818041936112777	0.056702483473704	0.0645133223638344	-0.0697436283594114	0.183148595306819	NPX
OFD1	2156.22859523727	132.529401872325	443.890142245752	157.599349386845	0.00774029704952275	0.0493443936907075	0.313194475888709	0.00448779902561411	0.0128171540171539	0.205864138536251	0.0741774270922934	0.0604763814353562	0.351251895637146	NPX
OGT	9313.60703725743	376.90396908211	256.005232336939	352.832262843516	0.472665758995915	0.744094499567614	0.381943052007168	0.000914937587790337	0.00351217977248549	0.0274872271626702	0.0378998520322248	-0.0467964828204903	0.101770937145831	NPX
OTUD5	4790.44878019404	212.262837692463	-190.43126815399	215.657223597858	0.382922875196592	0.666527220592371	0.285485715275244	0.0079785441139337	0.0199184632774429	-0.0397522814441357	0.0450526128409888	-0.128055402612474	0.0485508397242024	NPX
P2RY10	4422.6082849102	292.476596769162	1538.62443893788	313.829410128228	1.90441793107826e-05	0.000251806370887014	0.521011185380911	1.54584970614807e-05	0.000131397225022586	0.347899777646513	0.0745968925341823	0.201689868279516	0.494109687013511	NPX
P2RY8	5096.24185738102	532.250779978991	3954.23744759886	604.438318467512	1.16391340011604e-07	2.30842824356347e-06	0.631309416904818	1.88286013072236e-07	2.58531179487647e-06	0.775912438667297	0.143645194968053	0.494367856529913	1.05745702080468	PAR1
PBDC1	1962.52256790769	85.2479200354475	-7.90687659594624	95.056304133181	0.934156038879656	0.961076962190309	0.105148531067774	0.151204774057592	0.20761578591754	-0.00402893537391319	0.0484360924960165	-0.0989636766661055	0.0909058059182792	NPX
PDHA1	6690.71417475286	272.945661948099	-410.753648674106	230.797538106299	0.0833377217173239	0.283348253838901	0.470832522087751	7.86432536625496e-05	0.000513616510851225	-0.0613916000513171	0.0345859979073299	-0.129180155949684	0.00639695584704956	NPX
PDK3	2484.50835235069	92.2653469713524	-6.66474496310687	95.9372905463365	0.94498977106326	0.963889566484525	0.227625919585104	0.023747670156845	0.0474219150037103	-0.00268252065113853	0.0386143237216684	-0.0783665951456086	0.0730015538433316	NPX
PDZD11	1544.56453571739	52.163322791003	-193.883098355136	57.6819920537975	0.00181278477690998	0.0147082764853833	0.211761623306078	0.0312360092409084	0.0563194712070924	-0.125526058556747	0.0375849929796153	-0.199192644796793	-0.0518594723167008	NPX
PGK1	116659.920342119	5850.07313076468	-2014.58795778246	7130.12184159233	0.77909945750613	0.894685483254738	-0.10051036323468	0.840802328445244	0.855175017820377	-0.0172688953659014	0.0611249988380988	-0.137073893088575	0.102536102356772	NPX
PGRMC1	2238.17834090884	92.4575240493047	-110.803690438022	107.466281638783	0.309207786162969	0.607661531984756	-0.000808098461839935	0.4602710336079	0.516719367918303	-0.0495061936811651	0.0480585985171433	-0.143701046774766	0.0446886594124357	NPX
PHF6	5586.55696975891	212.575059684207	-265.698286928527	185.968760019806	0.161471467631674	0.44033124196691	0.432995259514437	0.000237534459340694	0.00128484548461557	-0.0475602931048233	0.0333377741103611	-0.112902330361131	0.0177817441514846	NPX
PHF8	3451.32772448064	82.9643107759225	106.186392686282	89.1627566925793	0.241266300818249	0.541711128252295	0.208047156921586	0.0332560900343031	0.0596604228253577	0.0307668240060456	0.0258449192495535	-0.0198892177230793	0.0814228657351705	NPX
PHKA2	1661.56504348395	52.8673689630728	118.005361509778	56.7177402038062	0.0444524327862759	0.184474141763873	0.216428782615823	0.0288475175891439	0.0534041056539186	0.0710206091374823	0.0342098450228763	0.00396931289264477	0.13807190538232	NPX
PIGA	1294.6279771171	71.3071499788551	-26.5611031217862	76.0793330432598	0.728975531197608	0.882183947923885	0.197388192782607	0.0396826835340408	0.0694446961845714	-0.0205163982172956	0.0587762655554626	-0.135717878706002	0.0946850822714112	NPX
PIM2	24271.2282637157	2050.7615639038	-1327.02150886804	2510.49584617458	0.600246953533949	0.819456420155731	-0.060032734622337	0.695551201793483	0.732483124012606	-0.0546746746579722	0.10353816667087	-0.257609481332877	0.148260132016932	NPX
PIN4	603.286225435178	38.4076477464908	66.3680566329324	43.0376289164773	0.131561143288832	0.384978099623878	0.176129400515562	0.0556714135517087	0.0924404401765582	0.110010893394853	0.0716816315782549	-0.0304851044985271	0.250506891288232	NPX
PIR	1091.61639068161	103.81291508074	99.8118353099475	116.154400983695	0.395706656071679	0.675919981902341	0.0798018104717385	0.205762976071781	0.266149936440673	0.0914348998072709	0.106760583840554	-0.117815844520215	0.300685644134757	NPX
PJA1	807.804328425133	34.5652100118746	4.27705283171712	39.938481025872	0.915295347793872	0.955901736083479	0.0652410048786985	0.242745298460878	0.306219334100825	0.00529466441465536	0.0494413051860024	-0.0916102937499094	0.10219962257922	NPX
PLCXD1	1152.15745352048	179.919762245037	1068.93709956059	213.635718344144	1.39521249436372e-05	0.000191573407879942	0.486086479029254	4.89581002430701e-05	0.000342706701701491	0.927769981693384	0.23531160088948	0.466559243950002	1.38898071943677	PAR1
PLP2	3912.67306508237	244.733022106815	-1056.19849730542	251.033963331112	0.000157642566228847	0.00173640085978084	0.331404074140474	0.00301444567880945	0.00967433641440052	-0.269942946864431	0.0663437458297578	-0.399976688690756	-0.139909205038106	NPX
PLS3	929.536097243643	269.665626923052	-288.490997318982	319.579809353641	0.372514248153641	0.655111263994334	-0.0349664472616027	0.595393481327254	0.644107493435848	-0.31036018738212	0.355400031857992	-1.00694424982379	0.386223875059545	NPX
PLXNA3	1313.32920590713	75.3747509579348	-7.53746171820507	70.7547185095648	0.915737797592576	0.955901736083479	0.428801563636354	0.000266940356387917	0.00140143687103656	-0.00573920208604428	0.0538753273733402	-0.111334843737791	0.0998564395657026	NPX
PNPLA4	555.663807433523	26.1604144718684	489.523982528746	31.8416975245083	1.19451082610494e-17	2.13220182459731e-15	0.900965022620216	1.24637737466355e-17	1.48318907584963e-15	0.880971508275371	0.0707387772131567	0.742323504937584	1.01961951161316	NPX
POLA1	3623.68540415369	233.407173067661	248.837282243594	241.636129684321	0.309788231992229	0.607661531984756	0.332193094228947	0.00296182963635924	0.00961248345618407	0.0686696703743546	0.0668289590797529	-0.0623150894219611	0.19965443017067	NPX
PORCN	617.251381381306	22.4702842137938	-51.5844025751011	21.4761181566777	0.0214440238040687	0.107824176028909	0.417327279759588	0.000365311443402564	0.00173888247059621	-0.0835711415657972	0.0349259031870705	-0.152025911812455	-0.015116371319139	NPX
PPP1R3F	281.283205862448	11.8096784040087	-23.5108375154899	10.9780519173152	0.0388751856161878	0.169249283719257	0.440137046777408	0.000194215938665353	0.00108336078286767	-0.0835842205488339	0.0391859184175221	-0.160388620647177	-0.00677982045049054	NPX
PPP2R3B	413.748126537514	34.551511516138	374.201221527753	32.826359271519	1.14878723211848e-13	5.85881488380425e-12	0.817889222527176	7.61869855440697e-13	3.39984422990411e-11	0.904417923675659	0.109539715048676	0.689720082180254	1.11911576517106	PAR1
PQBP1	2782.33493660325	116.886470756716	-231.745033568249	125.406177141003	0.0726146595529457	0.256667658023778	0.204853187779668	0.0350813095736296	0.0620001362266622	-0.0832915658425977	0.0452078978394021	-0.171899045607826	0.00531591392263049	NPX
PRAF2	460.146131234957	28.2238803799738	-17.1987974229175	34.23489684259	0.618379902740695	0.827372631217408	-0.0848817005416247	0.788538852935396	0.813608007219469	-0.0373768163099813	0.0744353670872046	-0.183270135800902	0.10851650318094	NPX
PRDX4	3070.53945571257	210.182495138973	63.4784323520439	257.774274447066	0.806845228464647	0.910532170246927	-0.103459767549301	0.849965338150284	0.862038709430828	0.0206733811004922	0.0839627361713764	-0.143893581795406	0.18524034399639	NPX
PRICKLE3	1110.02419360835	34.674483747595	-44.188265987261	37.5738797649936	0.247091771129431	0.551323514332544	0.167139675540957	0.0638885193764425	0.103204531300407	-0.0398083809719663	0.0338724379280848	-0.106198359311013	0.0265815973670799	NPX
PRKX	2889.4141182281	200.695494890283	1085.11598154917	202.918360399298	4.79992395545625e-06	7.13988688374117e-05	0.718973093295171	1.69158185067909e-09	3.77434200432772e-08	0.375548791951847	0.0749162079511963	0.228713024367502	0.522384559536192	NPX
PRPS1	3955.88369286883	164.558056613806	10.4611762810995	139.453252633428	0.940606390542754	0.963889566484525	0.509326648252802	2.29843830472096e-05	0.000184657956758033	0.00264446002291664	0.0352522830380438	-0.0664500147316492	0.0717389347774825	NPX
PRPS2	5224.98222902137	177.474955753265	94.3858637868108	200.951782269369	0.641330065491399	0.832563030474289	0.0506454950298709	0.28401701332186	0.346054859235167	0.0180643415900171	0.0384646962821789	-0.0573264631230535	0.0934551463030877	NPX
PSMD10	3768.83617523462	101.327763018067	-194.295086058574	105.937189595779	0.0746976193670066	0.261441667784523	0.227394669390164	0.0238445382771024	0.0474219150037103	-0.0515530728916543	0.0281428796805061	-0.106713117065446	0.0036069712821377	NPX
PUDP	2161.05857788828	160.014727726902	2496.68916064659	177.314340389947	1.94089725764607e-16	1.38580064195929e-14	0.876906575547635	6.49283289879094e-16	4.63588268973673e-14	1.15530841514082	0.118532695667857	0.922984331631821	1.38763249864982	NPX
RAB33A	1304.07347787103	55.1642075943079	-140.114332989733	55.6321331514098	0.0162361777726546	0.089174084074426	0.251024540509897	0.0155472998283478	0.034261642214322	-0.107443587625505	0.0429017047438607	-0.191530928923472	-0.0233562463275382	NPX
RAB39B	1239.43795107606	46.057364658628	-3.46554061132215	48.6566095110026	0.943602717556833	0.963889566484525	0.205534797684344	0.0346847926177901	0.0616043331569705	-0.00279605817161998	0.0392571325476557	-0.0797400379650252	0.0741479216217852	NPX
RAB9A	3619.43729938756	305.160387214779	782.97720831542	354.876636235398	0.0336474009153916	0.154724576281076	0.29422848090637	0.00667952236096441	0.0172796339337992	0.216325672625385	0.0997294173500798	0.0208560146192286	0.411795330631541	NPX
RAP2C	3982.13338209653	207.565024444551	-44.9692586212275	158.863470253587	0.778702004605109	0.894685483254738	0.566862851569787	2.89638819745238e-06	3.33551802093709e-05	-0.0112927554921709	0.0398984027964811	-0.0894936249732739	0.0669081139889322	NPX
RBBP7	9706.10806204902	341.368095172238	337.08419021402	371.709352341049	0.370355095322047	0.654538460544409	0.214688570335792	0.0297190965301896	0.0541312115371311	0.0347290786439956	0.038315910103075	-0.0403701051580313	0.109828262446023	NPX
RBM10	4803.43365249203	116.349715588261	-1.84784231300401	103.376121146581	0.985834662721809	0.99138866082165	0.445526193640638	0.000166475569857256	0.000960962632070596	-0.000384691961352552	0.0215212987864559	-0.0425664375828062	0.0417970536601011	NPX
RBM3	17411.3503838971	739.895869242398	-555.55741206087	750.87058906098	0.464039168127874	0.739562424203799	0.265637856947397	0.0117916406621414	0.0273351669895095	-0.0319077727925502	0.0431466613420975	-0.116475229023061	0.052659683437961	NPX
RBM41	1002.8983005686	34.4814623302845	26.3015601822479	33.2838950031374	0.43443564977702	0.711438197111909	0.390906909834336	0.00073002986649543	0.00303047281789382	0.0262255506538761	0.0331999537626786	-0.038846358720974	0.0912974600287262	NPX
RBMX	21745.7721414042	552.041537931955	70.5912961242306	485.114665952829	0.885094395581379	0.946622401578729	0.498987538350762	3.23449261664408e-05	0.000240565388362903	0.00324620784514815	0.0223086111975926	-0.0404786701021333	0.0469710857924296	NPX
RBMX2	1897.50261183216	60.8670461317939	-120.930221123172	61.943516949199	0.0585047245012525	0.217564444239033	0.232780927295564	0.0216749159364072	0.0444635765092679	-0.0637312541068947	0.0327087091082111	-0.127840323958988	0.000377815745198934	NPX
RENBP	342.675956247261	35.6871851353899	-52.5721187442026	39.6436392233634	0.192929342013237	0.491969822133755	0.162074623223954	0.0689429654223049	0.108905480777712	-0.153416420924113	0.116786475064331	-0.382317912050202	0.0754850702019766	NPX
RLIM	3704.22699712967	215.87481557859	-365.154332443875	190.152596214932	0.0625504428659353	0.2302114237437	0.426807847681224	0.000282060861150038	0.00145935836855889	-0.0985777417871059	0.0516544113911551	-0.19982038811377	0.00266490453955802	NPX
RNF113A	1776.68366457155	70.0542562354472	-120.601314193184	68.2367397589744	0.085409314182556	0.284963786571706	0.301645279382314	0.0057289475114115	0.0152629422505515	-0.0678800152205301	0.0384999500066973	-0.143339917233657	0.00757988679259655	NPX
RP2	1022.39853498963	52.0993475593674	-141.305052641661	53.6732075720112	0.0122867944175022	0.073106426784138	0.239574811675304	0.0191840128296753	0.0405248081668289	-0.138209365336281	0.0529676610012289	-0.242025980898689	-0.034392749773872	NPX
RPGR	515.450340716176	26.1694752540706	78.3360716837871	26.9787637083406	0.00618682848886814	0.0409018105652949	0.425412433137974	0.000293107142549636	0.00147379225197493	0.15197598196355	0.0529058468297885	0.0482805221771641	0.255671441749935	NPX
RPL10	108160.925531832	5770.64051503791	184.670235582057	6018.92216575048	0.975688363275901	0.986744322066562	0.232148597103521	0.0219204186712357	0.0444635765092679	0.00170736552663566	0.0556479172139427	-0.107362552212692	0.110777283265963	NPX
RPL36A	31987.6863849152	2001.11466647441	-1839.63784653517	1703.84047463677	0.287263594773472	0.592792504821557	0.466534291668599	8.96064041227469e-05	0.000571240826282512	-0.0575108128921356	0.0533868801276849	-0.162149097942398	0.0471274721581268	NPX
RPL36A-HNRNPH2	30.4959833315879	3.14691460547764	-2.81398843098175	3.52949593760668	0.430376671550704	0.711316998812969	0.0692015328785871	0.232271125901709	0.295091786287937	-0.0922740677152391	0.116127450804563	-0.319883871292183	0.135335735861705	NPX
RPL39	34079.4871095771	1816.6926732447	-1020.33301859228	1830.271379652	0.580559306979897	0.809608096061809	0.250085665136631	0.01582093931733	0.0346507689342749	-0.0299397997191556	0.053729664084167	-0.135249941324123	0.0753703418858117	NPX
RPS4X	70563.6519228456	5519.97740878839	36481.8493820746	6481.25602079429	1.99832776850506e-06	3.24274096980138e-05	0.563603465238954	3.28443737380163e-06	3.66420044514744e-05	0.517006254466023	0.100359773093929	0.320301099201923	0.713711409730124	NPX
RPS6KA3	4923.28587993513	212.889920989363	395.047856492299	216.85404058693	0.0765892092143428	0.265459686306023	0.319422574002601	0.0039238024863759	0.0114819466199688	0.0802406900851152	0.0441830578507092	-0.00635810330227479	0.166839483472505	NPX
RRAGB	591.330041857539	26.2724163564119	-28.1828384479722	27.7800698718133	0.316933387195789	0.609583774764388	0.235858388064779	0.0205138334227238	0.0425781309994908	-0.0476600822773045	0.0470266566691334	-0.139832329348806	0.0445121647941971	NPX
SASH3	14350.9920438437	684.68278861388	1047.65371058949	757.321030928059	0.174842679826085	0.460344620388431	0.228663075474899	0.0233173908020973	0.0470299916177894	0.0730021804338545	0.0528861483056922	-0.0306546702453021	0.176659031113011	NPX
SAT1	9756.57588381423	874.38829806661	-893.564678456125	979.687976449089	0.367625538350247	0.652946851696707	0.111786929503144	0.138892280402588	0.19293596927519	-0.0915858892604436	0.100748003629431	-0.289051976374128	0.105880197853241	NPX
SCML1	181.5672763028	70.2101151662684	-7.43079852682911	80.576473041834	0.927020410077042	0.959264598253635	0.0408879417566708	0.313915612452324	0.372526679554863	-0.0409258687916691	0.444065099444656	-0.911293463703196	0.829441726119857	NPX
SEPT6	19581.9994760886	1364.54540981551	6774.23440147819	1220.82905106234	2.56400329387637e-06	3.97977902571245e-05	0.740613631196704	4.1307858972469e-10	1.05335040379796e-08	0.34594191516296	0.0668427569016495	0.214930111635727	0.476953718690193	NPX
SH3BGRL	11947.0378773883	534.27180430084	-685.937097509126	490.008189936371	0.169888076381813	0.456015362919604	0.394497434422711	0.000666060798693233	0.00279745535451158	-0.057414825712353	0.0410953247616751	-0.137961662245236	0.0231320108205303	NPX
SH3KBP1	25637.5248083154	1256.81437466329	-381.247238320083	1272.14880734526	0.766092612444168	0.894685483254738	0.327856538512876	0.00326156828706611	0.0101250424215878	-0.0148706726242319	0.0496259330182477	-0.112137501339997	0.0823961560915335	NPX
SLC10A3	947.293154251721	46.6273389196932	-43.7295855250767	43.2463548504755	0.318500415982013	0.609583774764388	0.395890700999604	0.000642648451377743	0.002731685007956	-0.0461626744886795	0.0457090678226259	-0.135752447421026	0.0434270984436672	NPX
SLC25A14	396.920705508962	14.8728138104731	-23.07135563483	16.1387482073798	0.16123234070452	0.44033124196691	0.169306057304136	0.0618220236007816	0.100320283752177	-0.0581258556548369	0.0407181720459423	-0.137933472864884	0.0216817615552101	NPX
SLC25A43	1448.54592076922	74.4252789294532	-38.9027600675317	86.8145103693746	0.656684321662732	0.838167504034137	-0.00803380979605484	0.488119424229008	0.544558232655487	-0.0268564216775904	0.0599480596270958	-0.144354618546698	0.0906417751915173	NPX
SLC25A5	21460.4016892659	793.615289254239	-587.666492731713	934.076851015011	0.53312190099966	0.785314020828922	-0.0218948957591485	0.542850632947151	0.59447139865685	-0.027383760156999	0.0435373782825909	-0.112717021590877	0.0579495012768792	NPX
SLC25A53	342.195237928934	28.5381894442239	22.4870452635962	32.8385279275941	0.497752607597724	0.765413173417971	0.134523795022542	0.102461481370611	0.153049158365305	0.0657140800663808	0.0961206652391877	-0.122682423802427	0.254110583935189	NPX
SLC25A6	26776.7513194164	1885.59471393517	20593.3912455416	2281.27729641541	6.91752834992641e-11	2.05796468410311e-09	0.754422920030165	1.5714002888258e-10	4.67491585925675e-09	0.769077286482056	0.100952717439181	0.571209960301261	0.966944612662851	PAR1
SLC35A2	1258.98736809459	41.5121067900073	-136.707175735466	50.8674711385648	0.0107229483010412	0.0660015955770983	0.148305575897778	0.0843584860232605	0.129253130945511	-0.108585025711867	0.0405618045460224	-0.18808616262207	-0.0290838888016628	NPX
SLC38A5	2925.30881515836	181.544944851701	-125.726454771805	184.37952065985	0.49955537648848	0.765413173417971	0.266112339509712	0.0116844246082732	0.0272636574193042	-0.0429788657253265	0.0630854908282161	-0.16662642774863	0.0806686962979771	NPX
SLC6A8	309.124207150374	44.4487215397352	-19.6991856612278	51.3547955703573	0.703477745117973	0.866005362093505	0.0164863585118269	0.39624946337057	0.453400828279787	-0.0637257943750911	0.166382478991803	-0.389835453199025	0.262383864448843	NPX
SLC9A6	1287.63295213742	61.7193967044586	-33.5059982091519	53.4428193869645	0.534541476362544	0.785314020828922	0.470630857925109	7.91285941087321e-05	0.000513616510851225	-0.0260213892115243	0.0415234367739008	-0.10740732528837	0.0553645468653212	NPX
SLC9A7	9861.36713066552	596.531482478337	-89.091754230907	666.899036540869	0.894449927231558	0.946622401578729	0.074088190297411	0.219775531717576	0.280213802939909	-0.0090344222104724	0.0676296504646763	-0.141588537121238	0.123519692700293	NPX
SMC1A	9791.97517230191	847.801410111368	7256.99376673989	824.826964319846	1.33299131003911e-10	3.66059921295354e-09	0.825274815243542	3.62370798348634e-13	1.84809107157803e-11	0.741116438618778	0.105891030614818	0.533570018613734	0.948662858623821	NPX
SMS	10535.345016845	318.922875997117	130.289272579688	371.369986576185	0.727702531482609	0.882183947923885	0.0203092001113722	0.382684637752256	0.443566284667388	0.0123668728808945	0.0352519000694073	-0.0567268512551439	0.0814605970169329	NPX
SNX12	2847.67501830438	82.2223692394594	-133.515996718169	89.8940170157535	0.145945981115878	0.420183187567486	0.129370376105894	0.109973673392957	0.159595940655633	-0.0468859669238765	0.0315965270906675	-0.108815160021585	0.0150432261738318	NPX
SOWAHD	253.842700580309	26.4205244276133	23.0073690545237	32.9851774483927	0.489846083081423	0.760326311565513	-0.130643476633136	0.921947320285683	0.92976043316946	0.0906363232108963	0.130285357513237	-0.164722977515048	0.34599562393684	NPX
SPIN2B	154.710540853558	8.90375158020342	5.25073060553328	9.66239445904586	0.590100531227408	0.816534456000716	0.132978235050977	0.104670539762128	0.15505138047751	0.0339390617896125	0.0624851969886683	-0.0885319243081773	0.156410047887402	NPX
SPIN3	179.98702675808	10.7994014523996	-0.137837620052468	11.8226390403796	0.990760483884702	0.993543518951794	0.137908340206262	0.0977529845369078	0.147248166580912	-0.000765819751207597	0.0656860783027499	-0.129510533224597	0.127978893722182	NPX
SPIN4	561.545967251467	33.3785975194931	-15.4110775003081	28.9075475574874	0.597141157175228	0.819456420155731	0.445439807966277	0.000166889868875006	0.000960962632070596	-0.0274440177635661	0.0515043464096302	-0.128392536726441	0.0735045011993092	NPX
SSR4	7101.00167284419	594.962164527052	-100.611271153233	721.817915412942	0.889901136251728	0.946622401578729	-0.0840937790736063	0.78575489653577	0.813085501632666	-0.0141686026547484	0.101657085969922	-0.213416491155797	0.1850792858463	NPX
STAG2	12453.562721284	671.763582404684	-440.34520188333	547.784922135841	0.42660953531852	0.710372447721308	0.541573113740397	7.47408448475179e-06	7.0217056869905e-05	-0.0353589741135481	0.0440275345045824	-0.12165294174253	0.0509349935154335	NPX
STK26	8133.43780012822	363.159357017466	-175.443143942029	364.045456621181	0.632696717989782	0.827372631217408	0.267133354618758	0.0114566207698874	0.0270861828798001	-0.0215706012947272	0.0447694735647236	-0.109318769481585	0.0661775668921311	NPX
STS	2923.26700551163	427.11234000927	2191.9577239137	521.725802138736	0.00016050764250075	0.00173640085978084	0.346938618234465	0.00211913593160351	0.00729125060567502	0.749831513775824	0.209416772120855	0.339374640418949	1.1602883871327	NPX
SUV39H1	1492.0454464813	66.4291797592136	50.6413439959856	67.2342236318915	0.456091222163888	0.731483911550448	0.266120633477009	0.0116825581340629	0.0272636574193042	0.0339408857253065	0.0450871102408752	-0.0544298503468089	0.122311621797422	NPX
SYAP1	3643.41374573109	211.77058945427	666.526591070925	233.444870466852	0.00701110273227609	0.0455084304622284	0.380298711113624	0.000953162622661038	0.00361998996053182	0.182940131861741	0.0649494435791592	0.0556392224465887	0.310241041276893	NPX
TAB3	3373.19079710829	120.583004461923	17.9445160277387	126.025889071829	0.887546453869559	0.946622401578729	0.191571070488035	0.0436139385323588	0.0752182418166767	0.0053197453411535	0.0373615159007269	-0.0679088258242711	0.0785483165065781	NPX
TAF1	3589.20427446355	136.194832958313	25.572023605467	136.543098250363	0.852463001923722	0.925678322908378	0.321857194506665	0.00372123093889306	0.0111636928166792	0.00712470554752393	0.0380436820171636	-0.0674409112061168	0.0816903223011647	NPX
TAF9B	1674.73346101221	78.0551821157684	-51.6706717277617	78.504583618776	0.514492926358955	0.778279553856554	0.270587101435781	0.0107147955459651	0.0261998767802024	-0.0308530718055469	0.0468979183399062	-0.122772991751763	0.0610668481406693	NPX
TAZ	1270.24042306891	51.4987312111675	-52.6476250514719	46.3444496723636	0.263258417960961	0.564302297420121	0.501549447607514	2.97431930976664e-05	0.000225921700763126	-0.0414469765686363	0.0365234611545225	-0.1130329604315	0.0301390072942277	NPX
TBC1D25	1842.73040461466	72.4353294530828	-128.947876412938	83.3079958176453	0.130171430183284	0.384059508887872	0.153303562047672	0.0784688309416239	0.121797272374608	-0.0699765283570616	0.0452926021062824	-0.158750028485375	0.0187969717712519	NPX
TBC1D8B	1060.03621635123	74.1333280987367	-245.545974119557	79.4824170366375	0.00379605283341773	0.0282331429485444	0.388738847295304	0.000771321470782607	0.00309395241651001	-0.231639231124344	0.0767108579333954	-0.381992512673799	-0.0812859495748893	NPX
TBL1X	2772.72110373873	159.127667762861	-595.430980029759	190.570471591215	0.0034554253517224	0.0262465287354234	0.0891035983706419	0.184316533315003	0.242808126913122	-0.214746077139487	0.0698267136882487	-0.351606435968454	-0.0778857183105193	NPX
TCEAL1	788.682298549216	29.7524683690455	-44.0364398419884	36.2808024179684	0.232527898114041	0.534328998867719	-0.0718065551791984	0.740808336194735	0.775567671617361	-0.0558354611520933	0.0460499943537858	-0.146093450085513	0.0344225277813269	NPX
TCEAL3	1294.73899243672	81.6409723558374	-102.638534645726	90.4468185171299	0.263759835378477	0.564302297420121	0.0910001204615779	0.180149272450914	0.239082863438573	-0.079273533310802	0.0700357955593716	-0.21654369260717	0.0579966259855664	NPX
TCEAL4	2437.33109152947	104.646625019028	-226.065679939765	121.035696538262	0.0697316786087517	0.248942092633243	0.0409689184616741	0.313660057444071	0.372526679554863	-0.0927513216096975	0.0498185290924357	-0.190395638630872	0.0048929954114765	NPX
TCEAL8	2730.53180888222	92.8876501973596	-236.044207819791	95.8160771077444	0.0185312463168837	0.0987411184347387	0.24725568067768	0.0166714053840434	0.0360708589218393	-0.0864462399053387	0.0352136360459308	-0.155464966555363	-0.0174275132553144	NPX
TCEANC	171.219763885716	8.51102153743737	32.9735407564626	9.36832272303405	0.00116476965482058	0.00984194449130931	0.385097192620263	0.00084549802631651	0.00331957908753454	0.192580225601009	0.0555462982205478	0.0837094810887352	0.301450970113282	NPX
TFE3	3355.92036949588	96.2083723029561	48.2480155320918	99.0758253901491	0.629144617368556	0.827372631217408	0.227238356674957	0.0239102092455682	0.0474219150037103	0.0143769846181838	0.0295255754794787	-0.0434931433215944	0.0722471125579619	NPX
THOC2	7564.48568597729	264.10123599241	158.201960853178	219.35027338052	0.475301058106617	0.744094499567614	0.542043701984216	7.34751985282821e-06	7.0217056869905e-05	0.0209137762196372	0.029006572546623	-0.0359391059717439	0.0777666584110183	NPX
TIMM17B	1714.51855049742	90.5125218059949	-72.2722345766479	93.9285756424369	0.446517702977799	0.726200111509274	0.252263976420339	0.0151924101896101	0.0336875182465268	-0.0421530782246013	0.054829406265477	-0.149618714504936	0.0653125580557337	NPX
TIMM8A	748.685134288504	25.5162687706562	17.5147893350922	29.1302974509439	0.551335135323057	0.796869001256403	0.0408323512550389	0.31409112197763	0.372526679554863	0.023394065853514	0.038916777590419	-0.0528828182237073	0.0996709499307352	NPX
TIMP1	2975.70188517178	279.019010563951	-146.226542051152	335.206896679064	0.66520640499981	0.842123002074228	-0.0453799889402102	0.637341245767393	0.683378380867628	-0.0491401853054614	0.112742205196968	-0.270114907491518	0.171834536880595	NPX
TLR7	5827.36024791899	404.884031020637	546.170274265033	452.693513074626	0.235286298329252	0.535014066901547	0.165291731814119	0.0656959866250143	0.1051724987674	0.0937251604549549	0.0779566099281001	-0.0590697950041213	0.246520115914031	NPX
TMEM164	1649.6776955074	118.432376985449	296.699537199615	132.897826177811	0.0317151883198277	0.15096429640238	0.125362566375371	0.116109759578346	0.167818559390565	0.17985303311527	0.0815880478383709	0.019940459352063	0.339765606878477	NPX
TMEM185A	911.801955877007	34.7978281493557	-4.85680904121725	36.9875105729453	0.896241937629161	0.946622401578729	0.163325254540216	0.0676654120822083	0.107362453837104	-0.00532660520183441	0.0405657991426228	-0.0848355715213751	0.0741823611177062	NPX
TMEM187	158.327512879466	8.13315167231927	11.949588676985	9.38692158425691	0.210957351956045	0.511274023399933	0.0962102918304497	0.169053956541735	0.226888204832329	0.0754738608575386	0.0594146303388122	-0.0409788146065333	0.19192653632161	NPX
TMLHE	1274.52122554623	46.6379418473923	-19.5658784219821	45.8927673610482	0.672331075775266	0.845148570604824	0.303498662868582	0.0055111354405643	0.0150188958189424	-0.0153515516492059	0.0360122302554402	-0.0859355229498687	0.0552324196514569	NPX
TMSB15B	257.432772498798	25.887965899026	56.5325519808254	28.0864301372028	0.0514549279380334	0.201518795284802	0.145669452710275	0.0876057667338191	0.133086207336057	0.219601224164609	0.111314551261064	0.00142470369292436	0.437777744636294	NPX
TMSB4X	271142.792582813	14829.9176047362	7246.94040429532	15266.882000802	0.637802300153896	0.831005186696864	0.214943812890735	0.0295898625214834	0.0541312115371311	0.0267273945778291	0.0563246630485315	-0.0836689449972927	0.137123734152951	NPX
TRAPPC2	702.620661615017	39.3934342273222	152.674530326734	37.8726330350661	0.000265914188566305	0.00271232472337631	0.544436613678446	6.73420014828359e-06	6.67808181371456e-05	0.217292969973018	0.0552615894442439	0.1089802546623	0.325605685283736	NPX
TRMT2B	988.503886525615	32.9938000340007	35.6980368970422	37.4683528957802	0.346898942788104	0.62864427703225	0.216642863549617	0.0287418275458721	0.0534041056539186	0.036113198322885	0.0379232635715201	-0.0382163982772943	0.110442794923064	NPX
TRO	513.701372011884	41.0502236842145	-102.458503812888	49.368098380879	0.0449558832869943	0.184474141763873	0.110019048890876	0.142094149725338	0.195859503675465	-0.199451489513479	0.0974154095961239	-0.390385692321882	-0.00851728670507601	NPX
TSC22D3	4042.17817761775	497.99481676292	102.539439234406	549.806068548098	0.853070641549842	0.925678322908378	0.124004690607862	0.118248285434741	0.168643398792993	0.0253673724236563	0.136053176414857	-0.241296853349464	0.292031598196777	NPX
TSPYL2	2258.46772814495	129.464795677162	55.3154922122121	124.190851382658	0.658620783358047	0.838167504034137	0.318375233438673	0.00401395075394425	0.0116502473102284	0.0244924873279668	0.0550069075965457	-0.0833210515612628	0.132306026217196	NPX
TSR2	2320.77661000419	69.6490156179534	-24.0840715843924	76.8967802134572	0.755887479941073	0.894578054577334	0.0994560165384197	0.162400957725142	0.221286801175098	-0.0103775914840632	0.0331355360632698	-0.0753232421680719	0.0545680591999456	NPX
TXLNG	2758.55452502431	108.827116641478	1015.4254581255	125.117785810993	9.78130441671755e-10	2.32795045117878e-08	0.76995757372218	4.93439006291956e-11	1.6014338658748e-09	0.368100557344086	0.0476243300439665	0.274756870457911	0.46144424423026	NPX
UBA1	16531.1154357811	735.657642237353	2833.49286291975	671.429684358861	0.000151776007458892	0.00173640085978084	0.617373585253513	3.55084703655055e-07	4.69500885943906e-06	0.17140360999396	0.0413261489403028	0.0904043580709666	0.252402861916953	NPX
UBE2A	4316.54528608238	150.994233266079	79.58047767054	157.669418749236	0.61674154212564	0.827372631217408	0.322381590126333	0.00367884854185973	0.0111636928166792	0.0184361502999001	0.0365324538095588	-0.0531674591668352	0.0900397597666353	NPX
UBL4A	2467.88106603645	89.0213225473455	-30.3908690598079	93.0192842382736	0.745723936629831	0.890379415976085	0.205626213216653	0.0346319045995359	0.0616043331569705	-0.0123145598376089	0.037694581457304	-0.0861959394939247	0.0615668198187069	NPX
UBQLN2	3049.40487110279	121.151850348961	-127.255636852525	124.941111890754	0.315042584291749	0.609583774764388	0.261193345312952	0.0128387851505707	0.0292799598447222	-0.04173130241197	0.0410058253894054	-0.122102720175205	0.0386401153512646	NPX
UPF3B	2273.18796238005	70.4672169245651	-35.5386947891304	70.236013244308	0.615865532987817	0.827372631217408	0.328594446972732	0.00320871282012977	0.0100483375156696	-0.0156338566705769	0.0309013834021513	-0.0762005681387935	0.0449328547976397	NPX
UPRT	1439.4630481192	69.7632668994946	-4.28051063713258	64.9514471664305	0.947809677349892	0.964011552176386	0.399422812972848	0.000586623337687435	0.00258548804388166	-0.00297368566892043	0.0451222270367434	-0.0914132506609375	0.0854658793230966	NPX
USP11	2883.54695388469	118.097380218905	-229.379376752532	114.204944603053	0.0519320144711535	0.201518795284802	0.314717224000423	0.00434357492240191	0.0125052923169152	-0.0795476475399557	0.0397394875337628	-0.157437043106131	-0.00165825197378058	NPX
USP27X	114.375175202678	9.66262499621968	-6.72239198090714	10.9699371881883	0.543756184796208	0.792330440703046	0.0639617667771989	0.246194775170196	0.308391349950034	-0.0587749218219318	0.0960403173746212	-0.247013943876189	0.129464100232326	NPX
USP9X	11537.0387565861	758.98811413245	2241.94265408537	686.956551569662	0.00237107289374666	0.0188105116237235	0.633358633234589	1.71131171994544e-07	2.44375313608208e-06	0.194325658549558	0.0609005024155634	0.0749606738150534	0.313690643284062	NPX
UTP14A	2713.00044105555	122.996961055496	48.5037129752189	135.499242777611	0.722405156738341	0.880200139780163	0.151109650418154	0.0810116845766133	0.125199876163857	0.017878254732737	0.0499509999067411	-0.0800257050844757	0.11578221454995	NPX
UXT	3689.16370665529	157.956063071146	-127.229165358999	165.72073075285	0.447518276000113	0.726200111509274	0.267528704047037	0.0113694695871261	0.0270593376173601	-0.0344872647232967	0.044945210565743	-0.122579877432153	0.0536053479855595	NPX
VAMP7	4573.02313295299	171.386779722551	-284.648663975861	140.65536719096	0.0502647870724181	0.200578461124185	0.50361774096285	2.77856481511058e-05	0.000215640791085756	-0.0622451834815126	0.0308459721426038	-0.122703288881016	-0.00178707808200913	PAR2
VBP1	5609.14508678923	153.336663558775	30.633577770457	162.156025057465	0.851192499063721	0.925678322908378	0.192799688292816	0.0427573274107777	0.0744603213934031	0.00546136305915956	0.0289096083109092	-0.0512014692302224	0.0621241953485415	NPX
VMA21	2719.50908958311	98.7713150014277	20.8678507662044	110.311856726038	0.85099236251178	0.925678322908378	0.0771935879478293	0.212079881368188	0.271371030998004	0.00767338886497465	0.0405641079765528	-0.0718322627690687	0.087179040499018	NPX
WAS	5450.727321731	234.821682849046	-76.7189340879764	207.720813314944	0.713982100408894	0.872916472075258	0.431421026495313	0.000248204943031688	0.00132252484570616	-0.0140749902828771	0.0381136486468066	-0.0887777416306181	0.0606277610648639	NPX
WASH6P	729.577149699402	54.9709277808796	-36.58136080433	62.1320539810009	0.559594488929477	0.802310170874792	0.0679252280441148	0.235612574375999	0.29827549309302	-0.0501404968883717	0.0852454878185151	-0.217221653012661	0.116940659235918	PAR2
WBP5	923.56032178951	73.435892664987	-278.720317469264	88.4200467935402	0.00320708040164504	0.0248897326823322	0.261093797209692	0.012863146750527	0.0292799598447222	-0.301788969159274	0.0986997481428704	-0.4952404755193	-0.108337462799248	NPX
WDR13	1869.74282174485	79.2469623106671	-24.8872468550013	79.3065480578835	0.755427250039956	0.894578054577334	0.346837998622699	0.002124061801093	0.00729125060567502	-0.0133105187331467	0.0424195037089498	-0.0964527460026882	0.0698317085363948	NPX
WDR44	1480.19362209323	62.2087660307145	-32.0260714935717	54.0678929661859	0.557231953986604	0.802144385375877	0.458577868325112	0.000113701355300912	0.000699851445559064	-0.0216364068967421	0.0365388980230905	-0.0932526470219995	0.0499798332285153	NPX
WDR45	696.303312748529	40.2877393306585	-34.1618957415331	44.8087082522191	0.450657976589001	0.727985962182233	0.0879534078536744	0.186877542096904	0.245276774002187	-0.0490618026886664	0.064414862913061	-0.175314933998266	0.0771913286209332	NPX
WWC3	1088.17763233514	195.213110868909	529.135066281275	226.572788959841	0.0250539679281983	0.122524199320093	0.237683178403123	0.0198511978400705	0.0416875154641481	0.486257988179554	0.225747872063603	0.0437921589348914	0.928723817424216	NPX
XIAP	2685.63124924988	122.59741610667	19.0153384897224	110.904512351091	0.864798850423377	0.932728669489866	0.395884593886722	0.000642749413636706	0.002731685007956	0.00708039813546015	0.0412967749594558	-0.0738612807850733	0.0880220770559936	NPX
XIST	-136.747497782031	1422.44308547617	14195.0250646074	1560.19364561869	5.64986359083078e-11	2.01700130192659e-09	0.6733931286692	2.32953304535723e-08	3.96020617710729e-07	1.0097271872128	0.187914878127597	0.64141402608271	1.37804034834289	NPX
YIPF6	1498.28129472596	49.3722209191348	-140.840513901038	50.219693710385	0.00798274215738885	0.0499971745646986	0.320815717148387	0.00380670762348735	0.0113249551798749	-0.0940013830492348	0.0336610286599295	-0.159976999222697	-0.028025766875773	NPX
ZBED1	3366.26631306812	250.544579518524	2814.61020725871	311.055233679085	6.50727265733123e-11	2.05796468410311e-09	0.752057977655032	1.86172887394346e-10	5.11259390767549e-09	0.836122262915491	0.111405208614313	0.617768054031438	1.05447647179954	PAR1
ZBTB33	3626.7733468205	181.943224336699	42.5745493941696	177.543199500053	0.811810205027239	0.911371833945675	0.354008962321046	0.00179779679602836	0.00641813456182123	0.0117389605919249	0.0489570284429155	-0.0842168151561895	0.107694736340039	NPX
ZC4H2	655.190432270808	35.0473678634665	-89.4635131083461	40.7574522757167	0.0345136343588674	0.155966676786274	0.0507519297261336	0.28370095391273	0.346054859235167	-0.136545817371412	0.062634372462557	-0.259309187398023	-0.0137824473448001	NPX
ZDHHC9	1546.51494896757	66.2756372089603	-104.434620025257	77.3677585137195	0.185266027954923	0.479275159274693	0.0462065444023749	0.297393256626833	0.358680380458714	-0.0675290077829354	0.0501107987395473	-0.165746173312448	0.0306881577465773	NPX
ZFX	1941.48953479699	130.701934061269	873.97383641429	145.998866664338	6.55535174238612e-07	1.17013028601592e-05	0.695425679168951	6.91347434144717e-09	1.45182961170391e-07	0.450156346841023	0.0810760600549438	0.291247269133334	0.609065424548713	NPX
ZMYM3	3666.03342964587	136.33656678157	-162.985414474723	154.895823898784	0.299519553306543	0.604115709211503	0.0452560019898521	0.300306759121712	0.360974791267513	-0.0444582455677354	0.0422839493063686	-0.127334786208218	0.038418295072747	NPX
ZNF182	943.579998636833	36.9810688970328	-2.48823780925542	28.4049232023993	0.930667931901715	0.960255640719399	0.569957914057712	2.56782538885183e-06	3.05571221273368e-05	-0.00263701839043867	0.0301035319160216	-0.061639940945841	0.0563659041649637	NPX
ZNF275	2892.68152272232	132.477852635541	-95.8966404614413	150.366757302048	0.527562729413516	0.785314020828922	0.0471545633096498	0.294504693682024	0.356400595405026	-0.0331514685277875	0.0520039553917508	-0.135079221095619	0.0687762840400441	NPX
ZNF280C	495.347546116861	28.8707064524671	-33.8459991760498	32.1128750022831	0.298731062257613	0.604115709211503	0.0839676992504065	0.195949962715476	0.255241607638184	-0.0683277820620614	0.0649511804571218	-0.19563209575802	0.0589765316338973	NPX
ZNF41	1011.06984344514	38.1287656490387	21.7015367293676	37.3468048621643	0.564708710783212	0.806404038998427	0.39818854158074	0.00060567232673835	0.00263689049567794	0.0214639343365454	0.0369467756304716	-0.0509517458991791	0.0938796145722698	NPX
ZNF449	220.830128799224	10.9327501918256	-20.3055723502987	12.5428059491307	0.113962389593477	0.356882220042731	0.0973603113516648	0.166674099026346	0.225388838456082	-0.0919510958976089	0.0569805712486217	-0.203633015544907	0.0197308237496897	NPX
ZNF630	192.728470134304	11.0875632898437	-2.8664806626038	10.7837941073591	0.791858252210345	0.903473802198636	0.302688281995517	0.00560544532130997	0.0150461953361478	-0.0148731563147171	0.0559598429611321	-0.124554448518536	0.0948081358891017	NPX
ZNF674	213.464397467269	11.3912179989495	-11.0428100852262	11.3774328418661	0.338055515245315	0.622175450449098	0.261038808974933	0.0128766209961383	0.0292799598447222	-0.0517313904156753	0.0533704142352247	-0.156337402316716	0.0528746214853651	NPX
ZNF711	435.609861773817	38.9868169225886	-167.320796439633	45.0087949832244	0.00066332775983312	0.00607200026308779	0.306346168705794	0.00519089070224607	0.0142549844669373	-0.384106998308757	0.108892495113476	-0.597536288731171	-0.170677707886343	NPX
ZNF75D	572.67047558258	27.8469920167177	67.8285276067273	30.7239798193403	0.0335462835368509	0.154724576281076	0.149843361180025	0.0825095020147222	0.126965052669206	0.118442508386215	0.0539586221099979	0.0126836090506189	0.224201407721811	NPX
ZNF81	667.444850543035	34.6332319817873	-18.6123242154436	37.3664565910724	0.621359747951216	0.827372631217408	0.138425883535939	0.0970484162062896	0.146806290617141	-0.0278859357448043	0.0560030320690012	-0.137651878600047	0.081880007110438	NPX
ZRSR2	1026.91062118518	46.1005761440364	413.460541251403	48.6626916561359	3.19580902194003e-10	8.14931300594709e-09	0.796495934375633	5.5618098249032e-12	1.98556610749044e-10	0.402625635300393	0.0507175781751479	0.303219182077103	0.502032088523683	NPX
ZXDB	734.929346211137	37.1087174820277	3.83094546230253	39.4777648470074	0.923217919413794	0.958106968693967	0.166539147696403	0.064471340227775	0.103676884960881	0.00521267177865821	0.0537170531444802	-0.100072752384523	0.110498095941839	NPX
