gene	intercept	intercept_err	x_coeff	x_coeff_err	x_pval	x_adj_pval	adj.r.sq	reg_pval	reg_adj_pval	deltaEx	deltaEx_err	deltaEx_95_CI_lo	deltaEx_95_CI_hi	region
ABCB7	3800.77375099118	134.108552765211	-170.050166871886	75.2402660644342	0.0303343689458192	0.112805934517265	0.363193499516508	0.00243349721668194	0.00502172547026272	-0.0447409338236824	0.019858885785784	-0.083664349963819	-0.00581751768354583	NPX
ABCD1	438.989268411746	27.9023088074841	40.9273432446632	16.6428935050856	0.019171622145406	0.0777757852944311	0.257353955346352	0.0189516192334934	0.0291626209756774	0.0932308513890043	0.0383721642416076	0.0180214094754534	0.168440293302555	NPX
ACOT9	2600.18031439879	131.451117855232	-61.8133695024561	77.3054699514832	0.42949443369334	0.6469599697406	0.306338813497772	0.00778677609474182	0.0136268581657982	-0.0237727242069166	0.0297550921152556	-0.0820927047528175	0.0345472563389843	NPX
ACSL4	12463.8064201689	771.455803294218	-273.706845314865	427.213763952921	0.526026230253073	0.718313002406948	0.293928945485502	0.00984739216018361	0.0165047840431246	-0.0219601328910207	0.0343032876828486	-0.089194576749404	0.0452743109673626	NPX
AIFM1	4844.68248144743	237.189244683156	-145.454430552035	131.971659432665	0.278131334802549	0.514470914634766	0.332900646201031	0.00460611901483083	0.00884077681878821	-0.0300235218941693	0.0272801475752422	-0.0834926111416441	0.0234455673533055	NPX
AKAP17A	4870.70807165486	406.208885071442	2552.7597597404	171.422763345974	1.83714087756895e-16	9.36941847560164e-15	0.880002625471813	7.89563090735293e-15	4.02677176274999e-13	0.524104446865994	0.0561175226572904	0.414114102457705	0.634094791274283	PAR1
ALG13	1681.31592605378	106.481814940825	273.825236502035	60.2169739568292	6.58313127026078e-05	0.000783392621161033	0.398266766953775	0.00109921331005779	0.00249948504261549	0.1628636428519	0.037271055729386	0.0898123736223034	0.235914912081497	NPX
AMER1	1084.33716682766	56.7909646082783	-11.2292966011521	33.7506639829218	0.741393491925815	0.861531536797122	0.18693873888533	0.0576485029527	0.0737652887244226	-0.0103559086091317	0.0311303428357909	-0.0713713805672818	0.0506595633490184	NPX
AMMECR1	1483.27258324562	88.0073775799928	-42.5290573927197	42.5331756585902	0.324420889581865	0.559508490728144	0.465197645659441	0.000200073580352068	0.000590299737071805	-0.0286724489302295	0.0287256459220551	-0.0849747149374574	0.0276298170769985	NPX
AP1S2	4761.75351783548	335.216612607879	118.693913325931	166.521822355394	0.480843671008698	0.686644762200421	0.49862782372289	7.69157648802902e-05	0.000274589280622636	0.0249265134957857	0.0350146914105904	-0.0437022816689714	0.0935553086605428	NPX
APEX2	2763.20027756463	93.9111740591222	-54.2806188849397	58.8092393174872	0.362514023687734	0.596521669893246	0.115556065008436	0.147672378118176	0.172849308157996	-0.0196441131414406	0.0212934862897062	-0.0613793462692648	0.0220911199863835	NPX
APOO	965.574120680107	33.7791202302145	-1.71100588251274	18.5349431317069	0.926991590276723	0.958517733802151	0.354986525429319	0.00290510664172944	0.00582653410728883	-0.00177200884517035	0.0191958746466664	-0.0393959231526365	0.0358519054622958	NPX
APOOL	1750.07421062742	61.6665829407553	-53.3408999666853	34.3859830940589	0.13010388153929	0.295841310251762	0.312061881926921	0.00697216110705756	0.0123833906229828	-0.0304792217625801	0.0196776302269827	-0.0690473770074662	0.00808893348230601	NPX
ARAF	4053.54934324835	153.953488638565	-16.0904798184533	73.9985730768647	0.829162702955028	0.894830354936474	0.493206899824586	9.02863259206539e-05	0.000312934158773528	-0.00396947920351675	0.01825587656802	-0.0397509972768359	0.0318120388698024	NPX
ARHGAP4	2924.96577715054	163.882852834849	-22.6882933461589	76.478861424104	0.76853010548006	0.867588135833437	0.500567258859713	7.25919917913253e-05	0.000261771121914173	-0.00775677224102824	0.0261505368729308	-0.0590118245119725	0.0434982800299161	NPX
ARHGAP6	1227.7899151844	127.143839469127	-152.283955329349	79.3258369341754	0.0633152647465412	0.185274996020616	0.220646847156544	0.0346525211936351	0.0477041889177545	-0.124030954682078	0.0658729499011058	-0.253141936488246	0.0050800271240891	NPX
ARHGEF6	3187.34583228685	210.096661207902	67.5163430921919	118.586924719381	0.572867557136578	0.751888668741758	0.31602937528568	0.00645260226604084	0.0116342374190736	0.0211826223587889	0.0372317313940192	-0.0517915711734888	0.0941568158910665	NPX
ARHGEF9	1482.68912472076	70.9923732830032	-23.0673518016413	45.1231482690882	0.612508790501985	0.783747807201465	0.0707793639402291	0.242661235493122	0.268204523439767	-0.0155577803984943	0.0304424324502066	-0.0752249480008991	0.0441093872039106	NPX
ARMCX1	150.478122643887	21.1674071938722	-41.7283975453337	12.2948022894986	0.00176515412036278	0.0115118385830031	0.440265705481342	0.000389209840899318	0.00104472115188764	-0.27730541032922	0.0905389970107101	-0.454761844470212	-0.0998489761882284	NPX
ARMCX2	1279.33332756318	119.060502260124	-114.916859516942	69.0055739464246	0.105037051550195	0.254038060216015	0.241777510750124	0.0246399697919941	0.0363490463460408	-0.0898255810593404	0.0545826490583205	-0.196807573213649	0.0171564110949677	NPX
ARMCX3	4376.47681553967	218.223063372616	103.047965618771	139.47113025338	0.465069590071277	0.680450178915761	0.096782521008241	0.183456818844423	0.209246275806578	0.0235458726190154	0.0318899775224259	-0.0389584833249393	0.0860502285629701	NPX
ARMCX5	873.857334333488	40.7758720623321	-59.0452265009899	23.9444582440481	0.0188679520539098	0.0774236653246645	0.302794000636239	0.00833248218072902	0.0144402725170886	-0.0675684968027706	0.0275816741443879	-0.121628578125771	-0.0135084154797703	NPX
ARMCX6	1575.89852158737	55.0460207819185	-1.48759133078506	30.4833935347883	0.961364183589891	0.97225782872972	0.324530923565507	0.00545322174605928	0.010139584184079	-0.00094396391037073	0.0193435284083801	-0.0388572795907957	0.0369693517700542	NPX
ASMTL	3608.07247721006	311.753526510964	1589.44613711988	203.903077280838	4.52080524013932e-09	8.06963735364868e-08	0.632314751960315	6.6090360655009e-07	4.71885175076765e-06	0.440525002521268	0.0681361728013973	0.306978103830529	0.574071901212007	PAR1
ATG4A	1364.31660459378	66.0620112098101	-25.2898815715001	34.8410361334787	0.472888965380037	0.686644762200421	0.375676703625091	0.00184705401400285	0.00399635323029708	-0.0185366662593909	0.0255531227491085	-0.0686207868476434	0.0315474543288617	NPX
ATP11C	4032.18377431348	228.532361612949	-329.933267452654	89.5098911533356	0.000788407011594531	0.00654561170091274	0.656362232576637	2.27920227128127e-07	1.89226793220329e-06	-0.0818249578688482	0.02267811273285	-0.126274058825234	-0.0373758569124622	NPX
ATP6AP1	3278.16677352309	125.840698946666	1.72497886136643	74.126358993056	0.981570313822017	0.98434001142725	0.210336476313623	0.0406733495355326	0.0541805439708401	0.000526202289431592	0.0226121468767641	-0.0437936055890261	0.0448460101678892	NPX
ATP6AP2	6284.60895721885	287.445311045323	-245.491447976678	117.085447655002	0.0435349428709458	0.143266517025194	0.617732047647514	1.21451799816766e-06	8.02931343233064e-06	-0.0390623266535451	0.0187159777641172	-0.0757456430712149	-0.00237901023587535	NPX
ATP7A	3857.36548584085	251.474583544374	-366.11248489364	128.109278815365	0.00723127443339151	0.0368794996102967	0.448481880761374	0.000313900429716169	0.000889384550862478	-0.0949125734228505	0.0337830964556919	-0.161127442476007	-0.0286977043696944	NPX
ATRX	7132.35069300638	443.739900370685	57.0354237582548	184.978952839412	0.759708934142241	0.866505078238914	0.600308676191924	2.43033122429133e-06	1.37718769376509e-05	0.00799672172796843	0.0259399730743214	-0.0428456254977014	0.0588390689536383	NPX
BCAP31	3981.79675910965	114.031804019436	-3.30473685623195	74.2362581691043	0.964753146574663	0.972929020698177	0.0371016720584322	0.3361724028027	0.357183177977869	-0.000829961210016883	0.0186439245869591	-0.0373720534004568	0.035712130980423	NPX
BCOR	2584.02037146714	132.725183258327	250.774725831843	70.4895181970744	0.00112685969299774	0.00820997776326924	0.430934306063197	0.000494457965443126	0.00127226301786077	0.0970482774055919	0.027730711212976	0.0426960834281589	0.151400471383025	NPX
BEX2	116.806976059489	10.1577662235306	-27.6750726506511	6.59214409722274	0.000182829988712291	0.00197788805970569	0.380827687130403	0.00164469089487064	0.00358021127724889	-0.23692996415348	0.0600796762785218	-0.354686129659383	-0.119173798647577	NPX
BEX4	586.336211127418	87.7463324151639	-88.8563201317299	56.3700358198871	0.124215996701861	0.284263530913873	0.0583359046268959	0.275034916504663	0.29844214344123	-0.151544998322507	0.0987781815439802	-0.345150234148709	0.0420602375036938	NPX
BEX5	54.4940370361837	9.81039142081083	-4.23749300058123	6.51357791983262	0.519701000664772	0.71634462253793	0.0379215169943858	0.333679082889212	0.355592336093877	-0.077760673113052	0.120345250910403	-0.313637364897441	0.158116018671337	NPX
BRCC3	3456.81221271092	199.583236564578	-49.0707953883163	95.7835347020221	0.611746700802376	0.783747807201465	0.477327140027958	0.00014268132773103	0.000446817842105068	-0.0141953893844392	0.0277207497553811	-0.0685280589049861	0.0401372801361078	NPX
BRWD3	2903.42236371979	135.510855128502	-35.138309658392	75.7475302009479	0.645684962153443	0.806911934354964	0.280378294509621	0.0126310347717972	0.0206088335654252	-0.0121023761811126	0.0260951637123813	-0.0632488970573799	0.0390441446951547	NPX
BTK	10855.266157204	351.104973395933	-99.6855266958539	184.480170010564	0.592471823116932	0.771943214791039	0.388924007446709	0.00136674847993426	0.00304955754585333	-0.00918314901285937	0.0169971275757322	-0.0424975190612945	0.0241312210355758	NPX
C1GALT1C1	1180.11609963948	74.9767617014927	44.2201630640622	40.8301632484502	0.286417624488154	0.524364574062928	0.325928067052291	0.00530285091216422	0.00991161139079909	0.0374710277044531	0.0346802371013116	-0.0305022370141176	0.105444292423024	NPX
CA5B	240.175986723822	15.3622540114106	39.1784528751438	9.39384118056359	0.000198022801054346	0.00207923941107063	0.483064265397057	0.00012118103235254	0.000400570634720896	0.163123938448497	0.0404800988383006	0.0837829447254278	0.242464932171566	NPX
CASK	1393.0882320548	169.651497018844	38.8740633353802	99.331999137993	0.697976894642754	0.832466545143443	0.211081454894499	0.040210654977866	0.0539779286875578	0.0279049542167484	0.0713843859872171	-0.112008442318197	0.167818350751694	NPX
CCDC120	395.435006904381	25.2077771367836	-12.0335448217166	12.4285953786822	0.339774647040163	0.577181722623071	0.441600558277207	0.000375950903625177	0.00102453795873426	-0.0304311571095334	0.0314899937952785	-0.0921515449482793	0.0312892307292126	NPX
CCDC22	1352.73319846321	60.5338260609383	24.2631825448029	28.726177810995	0.404218111132312	0.632920463483488	0.481163124684382	0.000127952154750772	0.000419072653633261	0.0179364139006623	0.0212508199573512	-0.0237151932157461	0.0595880210170706	NPX
CD99	6892.33666587115	698.136252279152	1305.16262777967	363.481813306874	0.00102812278085581	0.00780935814394733	0.517005272314742	4.39595786459372e-05	0.000170582278006517	0.189364317364597	0.0561169580240389	0.0793750796374809	0.299353555091713	PAR1
CD99L2	1925.33071056815	111.279650042353	129.248486929642	69.7124904706077	0.0724280760003602	0.206854585057029	0.204490345351867	0.0444618962664657	0.0585715755244585	0.0671305382603601	0.0364153532022439	-0.00424355401603792	0.138504630536758	NPX
CDK16	3344.27136342706	156.108693939691	355.450407780451	94.7303061304748	0.000654670969391336	0.00570042770909041	0.278981566894086	0.0129537363438572	0.0210203812488955	0.106286353334737	0.02875735888117	0.0499219299276439	0.16265077674183	NPX
CDKL5	708.872806491081	101.519769692426	-103.875745609112	64.8738668852452	0.118585493151443	0.276699484020035	0.139041596301516	0.110586066514059	0.133827883883116	-0.146536507900898	0.0938922711587113	-0.330565359371972	0.0374923435701766	NPX
CENPI	1155.37800075453	91.6883967136815	-19.7218093370369	45.6153190229705	0.668216563792571	0.809950499471842	0.430761832194513	0.000496626332952906	0.00127226301786077	-0.0170695731822463	0.0395040933969833	-0.0944975962403335	0.0603584498758409	NPX
CETN2	1354.29368222428	63.832326223628	19.1202818733958	28.7455436220117	0.510437613607197	0.709988463696292	0.538983370561241	2.17513061911716e-05	9.46977598810765e-05	0.0141182685294616	0.02123591605477	-0.0275041269378876	0.0557406639968109	NPX
CFP	440.662359063975	63.6676264055035	-69.997277178709	40.2826514335296	0.091323572243664	0.239724377139618	0.124101318532169	0.133227148380259	0.15801359459054	-0.158845600807367	0.0942507861209539	-0.343577141604437	0.0258859399897022	NPX
CHIC1	918.481929465954	76.2449576444789	-8.47310723392255	29.2318451736445	0.773684703038513	0.867588135833437	0.6874246842212	5.0680916225671e-08	5.83647970727888e-07	-0.00922512132475942	0.0318354723713575	-0.07162264717262	0.0531724045231012	NPX
CHM	1897.84298181367	141.794702382266	136.716495339275	65.8645487389377	0.0455523361437551	0.146300771288668	0.583368901554912	4.61958400841976e-06	2.35598784429408e-05	0.0720378327656076	0.035119820762278	0.00320298407154271	0.140872681459672	NPX
CHST7	1171.96150822046	82.1894543949597	-26.3502714244296	39.3946612647878	0.508088975067918	0.709988463696292	0.476824852355608	0.000144720901078542	0.000449264014652517	-0.0224839051791389	0.0336512582616611	-0.0884403713719948	0.0434725610137169	NPX
CLCN5	488.664277778139	33.0201487798486	-53.0053148486765	21.9980946882808	0.0215340825779295	0.0854185275591205	0.0832716546311633	0.212795122555696	0.238143757844462	-0.108469796666295	0.045609573712911	-0.1978645611436	-0.0190750321889891	NPX
CLIC2	1651.40304007588	201.826277853961	-110.34136442328	136.072247160954	0.423061740277128	0.640336075542413	-0.0198115597455304	0.530235757131499	0.543948750850417	-0.0668167380981748	0.0828016188279905	-0.229107911001036	0.0954744348046866	NPX
CMC4	1572.71154441147	73.1191710402873	-122.461068006547	42.8269121959566	0.00720153080114472	0.0368794996102967	0.330566260784793	0.00482972211128367	0.00912280843242471	-0.0778661976773197	0.0274708412443571	-0.13170904651626	-0.0240233488383799	NPX
COX7B	4981.60030501029	175.11927835161	-172.56079861618	101.800016097173	0.0991984487514223	0.249393283128576	0.371950107564097	0.00200714633122829	0.00422313337438922	-0.0346396314538976	0.0204714514106415	-0.0747636762187549	0.00548441331095963	NPX
CSTF2	2087.91328842932	92.5669239426586	-23.1603898941015	54.1491123672396	0.671555596200743	0.809950499471842	0.248578376233317	0.021997780070947	0.0328586087252221	-0.0110926014133108	0.0259392223169819	-0.0619334771545953	0.0397482743279736	NPX
CTPS2	2239.7155338675	104.853287913609	-31.8057049578315	71.7625940037627	0.660423217851947	0.807435235524469	-0.060709670815291	0.681562723021952	0.691244011701241	-0.014200778838601	0.0320478376968097	-0.0770145407243481	0.0486129830471461	NPX
CUL4B	6628.72141236406	340.659909351605	-156.525909882716	164.215049722135	0.347228481738211	0.581974497561227	0.467955136536537	0.000185430032490594	0.000556290097471781	-0.0236132883169234	0.0248029660969094	-0.0722271018668658	0.025000525233019	NPX
CXCR3	431.480587568358	116.688514464163	70.3614378722553	77.0552670450953	0.367604390410404	0.596521669893246	0.0252942314332048	0.373194003791085	0.39300961461185	0.163069764664924	0.183947963499787	-0.197468243794658	0.523607773124506	NPX
CXorf21	1920.24143896304	246.503324974667	439.327139607915	144.874006922504	0.00461948712173083	0.0254179165818066	0.400210769182502	0.00104989406989714	0.00240264219841846	0.228787448647686	0.0809607014331524	0.0701044738387069	0.387470423456664	NPX
CXorf23	447.980210678181	25.6619152058287	4.37918753337188	16.1249722254462	0.787588773663836	0.873196249062079	0.0905062966462353	0.19670525348657	0.222932620618113	0.0097754039776498	0.0359991870142449	-0.0607830025702703	0.0803338105255699	NPX
CXorf38	4380.91175774029	197.801657262242	422.443800088252	124.532209323691	0.0017735325548044	0.0115118385830031	0.284501384083778	0.0117190637325657	0.0192797500116404	0.0964282833001303	0.0287575818464753	0.0400634228810387	0.152793143719222	NPX
CXorf40A	1661.51169397065	108.558840751698	-170.072374005534	78.1694063012519	0.0366234413565609	0.126937558876624	-0.0639486867475949	0.693303659229816	0.697209595338153	-0.102360022275316	0.0475201404905954	-0.195499497636883	-0.0092205469137491	NPX
CXorf40B	1767.38279363567	58.8267274685037	-5.01640406451034	33.7739477743615	0.882802893602341	0.935194756724141	0.265485971248237	0.0164616592293723	0.0260035944463979	-0.00283832347048663	0.0191098162882368	-0.0402935633954307	0.0346169164544574	NPX
CXorf56	1344.40059933322	50.250284356361	25.178246504703	22.3513405714481	0.267852331003162	0.51019824374803	0.552668603630484	1.37519479482327e-05	6.21448787027731e-05	0.0187282321334806	0.0166402367027829	-0.013886631803974	0.0513430960709352	NPX
CXorf57	803.444572745982	73.713149518149	-161.250370141852	42.9404886589067	0.000649220755002851	0.00570042770909041	0.42690694534273	0.000547405089878711	0.00135710845199097	-0.200698810610838	0.0565285188988986	-0.31149470765268	-0.089902913568997	NPX
CXorf65	31.7488232686552	2.33803496275384	2.23121501909607	1.54500701853162	0.157850632538617	0.347856023557322	0.0536663546575152	0.287852085570463	0.310462823409834	0.0702770934284953	0.0489378638148623	-0.0256411196486348	0.166195306505626	NPX
CYBB	7042.66021607706	485.9556884365	502.018728030025	301.901739888987	0.105534550282863	0.254038060216015	0.182316866817003	0.0616125781072136	0.078276478235855	0.071282542764737	0.0431488294874036	-0.0132891630305741	0.155854248560048	NPX
CYSLTR1	784.905670044705	74.3807905183158	-44.9718873785378	42.4896083103452	0.297325644666281	0.535889244303332	0.248180337930079	0.0221454077848195	0.032941294079919	-0.057295913502544	0.0544050075156666	-0.163929728233251	0.0493379012281625	NPX
DDX26B	1614.86582286599	70.9729386329325	-6.99834617945859	41.5477982376061	0.867234520839876	0.9241872356413	0.210570989636113	0.0405272168520014	0.0541805439708401	-0.00433370133937087	0.0257290334057439	-0.054762606814629	0.0460952041358873	NPX
DDX3X	21058.5596950262	1425.84186053615	5073.19441995903	751.109124846986	9.18542123727948e-08	1.42573712248208e-06	0.68295741837011	6.35339322716833e-08	7.08800431905967e-07	0.240908898492106	0.0392204994634824	0.164036719543681	0.317781077440532	NPX
DHRSX	1546.68562950262	127.776972777257	721.980374694977	81.6922424084033	2.49898675624979e-10	5.24787218812455e-09	0.68207741943523	6.63995101083687e-08	7.18321972990534e-07	0.466791932971633	0.0653974481391022	0.338612934618993	0.594970931324274	PAR1
DIAPH2	1774.71094439079	91.4067494635907	-59.4707186713948	45.4291669391307	0.199283800234752	0.406538952478895	0.491434145052607	9.51014587338385e-05	0.00032459217598984	-0.033510087295827	0.0256561850520209	-0.0837962099977879	0.0167760354061339	NPX
DKC1	8733.65852062017	363.093018078828	96.6870191167781	212.352595806035	0.651778073767629	0.806911934354964	0.214994206200289	0.0378525569687423	0.0513816077484448	0.0110706205066869	0.0243186330701045	-0.036593900310718	0.0587351413240917	NPX
DLG3	488.407619212048	49.437767417655	77.3145326971998	27.49114268098	0.00811003731141653	0.0396614153448726	0.381727950476391	0.00161144933232803	0.00352937062356508	0.158299194475983	0.0585235782704272	0.0435929810659455	0.27300540788602	NPX
DMD	3195.59132200041	532.617913129587	-37.7682890173948	330.888248172171	0.909796505756229	0.952484904853296	0.112514767423264	0.153086469459114	0.178019119208156	-0.0118188733200565	0.103563969264634	-0.214804253078739	0.191166506438626	NPX
DNASE1L1	1129.88795462322	81.6172151075525	-143.123236788589	46.7047299275809	0.00425061248835147	0.0244753009409915	0.311086437997159	0.0071054330707597	0.0125576218131743	-0.126670291689512	0.0423363214523497	-0.209649481736118	-0.043691101642907	NPX
DOCK11	4101.10805130243	223.137003384985	-91.5819518234214	116.980754719756	0.43911648295491	0.654210531675672	0.373572407850707	0.0019359797123779	0.00411395688880303	-0.0223310263172258	0.0285500478846038	-0.0782891201710492	0.0336270675365975	NPX
DYNLT3	1005.13150218326	71.6676421994306	-44.3170043541628	27.5263541853205	0.11664801267987	0.273969345570483	0.665057062637258	1.51964876483953e-07	1.42767002380977e-06	-0.0440907525611336	0.0275656760465495	-0.0981194776123706	0.0099379724901033	NPX
EBP	2642.65489064951	122.237730108744	-203.131817088837	82.1127933229851	0.0185199088867524	0.0768791566577976	0.100830032687676	0.175258952059569	0.200536685529699	-0.0768665699814142	0.0312748468681505	-0.138165269842989	-0.0155678701198392	NPX
EDA2R	734.672836968591	52.2101658568044	24.6086906054071	34.3840761134612	0.479063186832629	0.686644762200421	0.0739432956772429	0.234846828558272	0.260373657749388	0.0334961214939531	0.0468623858581797	-0.0583541547880791	0.125346397775985	NPX
EIF1AX	8805.22693181574	713.402046352247	4157.62481399228	411.408260102095	8.90254937414368e-12	2.44477702043792e-10	0.798972702634056	4.00299149780964e-11	1.57189710947395e-09	0.472176906533735	0.0603868431596577	0.353818693940806	0.590535119126664	NPX
EIF2S3	21772.8121983993	1134.68167791214	3899.67807460648	721.710927357399	5.13968450351848e-06	6.55309774198606e-05	0.437785925166115	0.00041497776393084	0.00110557508748739	0.179107688941219	0.0344364988545144	0.11161215118637	0.246603226696067	NPX
ELF4	4978.08208872136	140.263293850774	-205.989065852431	91.4706972450952	0.0308947695522741	0.113705492063524	0.0878722789490903	0.202461395418874	0.228337045907949	-0.0413792023074774	0.0184116387244346	-0.0774660142073693	-0.00529239040758551	NPX
ELK1	6120.21014397806	225.579722863959	-177.357953877866	130.796456048117	0.184042213084358	0.384228479948046	0.251518874465834	0.0209332014519414	0.0313998021779122	-0.0289790627618197	0.0213979111805594	-0.0709189686757161	0.0129608431520768	NPX
EMD	3495.95583259486	113.197604253165	4.83907094552999	60.3185648377086	0.936528487601549	0.958517733802151	0.354585837542986	0.00293009805704216	0.00584382685119581	0.00138419109887273	0.0172538702534214	-0.0324333945978332	0.0352017767955786	NPX
ENOX2	918.29671954162	46.052884507108	1.68831445002516	22.9540277235452	0.941797895843639	0.960633853760512	0.430579608320584	0.000498926673670891	0.00127226301786077	0.0018385282383105	0.024996478145849	-0.0471545689275535	0.0508316254041744	NPX
ERCC6L	1211.52138282063	87.2615934189078	4.22753216887319	46.7153762647568	0.928424493408905	0.958517733802151	0.341153591597546	0.00388764465389512	0.00754287576869869	0.00348944082111928	0.0385600859167983	-0.0720883275758054	0.0790672092180439	NPX
F8	570.071563721987	39.7902321378336	-95.246753925436	23.1756265299717	0.000236133579119862	0.00240856250702259	0.414355485276793	0.000747173394773881	0.00179020739553205	-0.167078591508006	0.0422934721045424	-0.249973796832909	-0.0841833861831026	NPX
F8A1	1689.45233900095	150.297265679392	100.697266865081	90.3124133835067	0.272674903611927	0.514470914634766	0.169071445613249	0.0742259301654672	0.0926526470946566	0.0596034966719619	0.0537189570126338	-0.0456856590728002	0.164892652416724	NPX
F8A3	655.641678327707	124.324159806684	-131.267345650535	69.3973194207982	0.0670968813022143	0.194744606706427	0.289739833695586	0.0106438964025658	0.0175919954431296	-0.200212021275627	0.112448992234865	-0.420612046055963	0.0201880035047083	NPX
FAAH2	202.022684094048	22.3937381266915	49.1371447588842	14.8912144408077	0.00227770164020409	0.014520347956301	0.224334092393456	0.0326910059285302	0.046309030280819	0.243225878218751	0.0784866214513956	0.0893921001740159	0.397059656263487	NPX
FAM104B	446.788481937694	15.5803925058138	8.83471265758815	9.95117981458603	0.380883042156282	0.601660380751294	0.0608907671478288	0.268175710302985	0.291886367616358	0.0197738147126635	0.0222833580961159	-0.0239015671557236	0.0634491965810506	NPX
FAM120C	448.856151156819	25.813634734178	29.4489721074224	14.7343179431192	0.0536909429909895	0.166675362154637	0.29830456051996	0.00907182800016158	0.0153490170429274	0.0656089306819674	0.033042506912284	0.000845617133890739	0.130372244230044	NPX
FAM122B	2966.07553801557	93.5849166689164	16.0688223359502	58.7968509981397	0.786280568403686	0.873196249062079	0.116958870367016	0.145223867469703	0.170542502258828	0.00541753644841455	0.0198238501040053	-0.0334372097554358	0.0442722826522649	NPX
FAM122C	181.041564307686	6.83777370442268	-8.66992297127882	4.47341535756859	0.0609512091212643	0.18440323437535	0.0818285397963748	0.216110194567705	0.241097935814596	-0.0478891297942168	0.024775439025999	-0.0964489902851748	0.000670730696741194	NPX
FAM127A	919.671131437424	52.7348148759114	-32.7691777644782	27.0552470063963	0.234172304948592	0.459337982783778	0.444580446701987	0.000347824467538339	0.000970104178993649	-0.0356314084941002	0.0294892569837728	-0.0934303521822948	0.0221675351940944	NPX
FAM127B	465.988293917849	24.5447816383626	-38.2301840817288	12.0159782527063	0.00312274113042742	0.0188952302298744	0.592484844569861	3.2820044809449e-06	1.74876955178706e-05	-0.0820410825351518	0.0261455920051301	-0.133286442865207	-0.0307957222050967	NPX
FAM156A	719.111896134315	41.0451400830312	5.74183883547346	17.0608612908102	0.738524373683463	0.861531536797122	0.603448162408705	2.15026405274451e-06	1.24667525806541e-05	0.00798462501641191	0.0237292817043158	-0.0385247671240471	0.0544940171568709	NPX
FAM156B	291.034385082468	30.5959047567982	33.4585025764728	16.4622869617313	0.049979877151401	0.157901027814603	0.371863388968422	0.00201101589256629	0.00422313337438922	0.114964087721085	0.057841518776582	0.00159471091898399	0.228333464523186	NPX
FAM199X	2007.96951547334	115.883982767606	-68.3316673832414	39.178527661245	0.0901758657130142	0.238465067107749	0.74217148984137	2.30146707534826e-09	4.32433550473332e-08	-0.0340302314635158	0.0196101080456224	-0.0724660432329356	0.00440558030590403	NPX
FAM3A	1257.1801218724	78.2677976218397	10.599726578858	36.4278706919071	0.772835489860342	0.867588135833437	0.500944671763675	7.17769927133903e-05	0.000261473330598779	0.00843135076226879	0.0289806104579452	-0.0483706457353039	0.0652333472598415	NPX
FAM50A	2839.41001785996	137.306085178568	-52.743554187612	80.2953901862319	0.51568707630359	0.713567000931712	0.280328603696593	0.0126423936997987	0.0206088335654252	-0.0185755328944582	0.028293162148336	-0.0740301307051968	0.0368790649162803	NPX
FAM58A	848.641719547435	47.9848042075893	6.23306712406588	22.6624728231125	0.784950688225442	0.873196249062079	0.496850348553948	8.10848617689086e-05	0.000286606887638618	0.00734475689857654	0.0267076348064542	-0.0450022073220737	0.0596917211192268	NPX
FANCB	388.282355211227	28.9214510666205	-5.09183930005151	13.6573976817926	0.711591832787388	0.835652251003611	0.486309417667565	0.000110377198297418	0.000371742073511116	-0.0131137540290275	0.0351874420005834	-0.082081140350171	0.055853632292116	NPX
FHL1	283.057096791848	123.847117869404	89.8601089952849	85.1489822866195	0.298716973715303	0.535889244303332	-0.00802968194671183	0.487354812672394	0.504306284417521	0.317462837052149	0.331339049738242	-0.331961700434805	0.966887374539102	NPX
FLNA	31586.1083314131	1864.4456429691	-911.225044783993	1020.91585890101	0.378368705593957	0.601660380751294	0.337341706931405	0.00420602675321455	0.00811649486971674	-0.0288489178604431	0.032366499988411	-0.0922872578377285	0.0345894221168424	NPX
FMR1	2807.59964176095	111.431263742427	-174.645541423647	63.0276541283441	0.00899619428375383	0.0428218847906682	0.316774160432714	0.00635898701683483	0.0115824406378063	-0.0622045746216537	0.0225842955351578	-0.106469793870563	-0.0179393553727444	NPX
FOXO4	494.013599844322	29.6767467300619	13.082320642569	18.1982168292449	0.477127227357733	0.686644762200421	0.157962125714318	0.0863492398647892	0.106298891833551	0.0264817014080009	0.0368718154576543	-0.0457870568890016	0.0987504597050034	NPX
FTSJ1	2668.01236125921	96.0320833928607	17.7520516108216	54.5752518333922	0.746965017190618	0.861531536797122	0.257752584550433	0.0188223736679581	0.0291626209756774	0.00665366168035415	0.0204567988465012	-0.0334416640587882	0.0467489874194965	NPX
FTX	79.7172825357059	4.75145078719125	8.82973844478093	2.84658252749102	0.00385378301595816	0.0229300089449511	0.316971260688129	0.00633441487552369	0.0115824406378063	0.110763164070803	0.0363136371956999	0.0395884351672309	0.181937892974374	NPX
FUNDC1	926.750954979944	36.7973953304385	231.928439044231	22.0352686170762	3.0936089816452e-12	1.00401673313394e-10	0.759446945631272	7.48176393777798e-10	1.78065981719116e-08	0.250259724900149	0.0257697586342517	0.199750997977016	0.300768451823282	NPX
FUNDC2	4336.88196597817	226.086753519996	-148.923704820598	134.99313726646	0.277690023696781	0.514470914634766	0.276032261313421	0.0136588922626383	0.0218672741237311	-0.0343388881663992	0.0311782056002196	-0.0954481711428296	0.0267703948100312	NPX
G6PD	2491.70061067171	129.736817632558	-43.7836715238586	75.9297340143191	0.567985000619118	0.748231163177214	0.257378148057317	0.0189437535301607	0.0291626209756774	-0.0175718027022739	0.0304867883863431	-0.0773259079395063	0.0421823025349586	NPX
GDI1	5722.68198787519	240.804853421559	-70.966894095662	115.77565121051	0.543975552855239	0.727338098761499	0.479970912005297	0.000132373410314657	0.000425799556674543	-0.0124009851055889	0.0202377411521517	-0.0520669577638063	0.0272649875526285	NPX
GEMIN8	1061.33929295964	71.7259818295228	126.488173240266	44.0977651717287	0.00704065499844738	0.0368794996102967	0.231639210287378	0.0290820677173825	0.0422044641264453	0.119177885977954	0.0423225969012742	0.0362255960514566	0.202130175904451	NPX
GK	1838.3835398277	80.6973530576651	-120.554403496706	46.5807176571116	0.0140962918781542	0.063076181421561	0.29353615641203	0.00991978250792913	0.0165484222211715	-0.0655763070572341	0.0255008512714821	-0.115557975549339	-0.0155946385651292	NPX
GLA	2139.65361685588	115.116139704117	-248.375170276457	80.8022729521422	0.00414711183769188	0.0242708020664918	0.167695196521494	0.0756485593755545	0.0940994275159337	-0.116081952854328	0.038277122572318	-0.191105113096071	-0.0410587926125846	NPX
GNL3L	1082.894827646	51.5150026343352	-26.6386857733411	27.9227410949015	0.34681047551961	0.581974497561227	0.358835604982748	0.00267458589873771	0.00548751244741012	-0.0245995133537098	0.0258118164863953	-0.0751906736670446	0.0259916469596249	NPX
GPKOW	1572.81212159425	47.2087228168227	-28.3282690965525	22.8279177722954	0.22311922551401	0.440074936511058	0.574364908416508	6.42141171392171e-06	3.18394997481951e-05	-0.0180112225151458	0.0145241428218824	-0.0464785424460353	0.0104560974157438	NPX
GPR174	547.234120969072	96.6485097527867	161.781389302698	58.9396405116211	0.00959957281767675	0.0445071103365013	0.343512896861517	0.00370153589132865	0.0072607050176062	0.295634689255501	0.11969321492345	0.0610359880055393	0.530233390505462	NPX
GRIPAP1	3158.49244289027	108.883232799003	84.3070973500114	48.8319090223911	0.0933393467562751	0.243227348846644	0.538579267419438	2.20423989126908e-05	9.48088724316942e-05	0.026692195366744	0.0154878701342679	-0.00366403009642114	0.0570484208299091	NPX
GSPT2	1242.07148575687	35.4047781382674	15.9386742310359	17.3686412422067	0.365255989158811	0.596521669893246	0.446328661482194	0.000332230193454923	0.000933906921759114	0.0128323324493063	0.0139883915812376	-0.0145849150499194	0.040249579948532	NPX
GTPBP6	2982.87384229872	311.878132015555	1551.25953949728	146.881499604392	2.82855171189702e-12	1.00401673313394e-10	0.789310525987047	8.63056217166593e-11	2.80100972298612e-09	0.520055363220396	0.0733578977660831	0.376273883598873	0.663836842841918	PAR1
HAUS7	731.977773552122	36.3120239295003	15.163197183373	21.0876018830507	0.477018848036836	0.686644762200421	0.224088913597102	0.0328184444287036	0.046309030280819	0.0207153792522817	0.0288273969233266	-0.0357863187174384	0.0772170772220019	NPX
HCCS	2108.26258149829	62.4220210832653	-133.394129985283	35.1765930531025	0.000585044645596555	0.00549634048626238	0.554430270551206	1.29483109926091e-05	5.92634233892492e-05	-0.0632720663715822	0.0167899504464959	-0.0961803692467142	-0.0303637634964503	NPX
HCFC1	6254.33420808836	347.308969249017	301.953709961982	181.854214237166	0.106027089557945	0.254038060216015	0.412764072014689	0.000776745507124182	0.00184828799031707	0.0482791133181664	0.0291998482359753	-0.00895258922434509	0.105510815860678	NPX
HDAC6	2095.06559578347	62.4559377783525	83.1897673697215	34.6790954937119	0.0220769729992305	0.0856682539209271	0.354147331043749	0.00295766879479639	0.0058660431096795	0.0397074762418654	0.0165950202571816	0.00718123653778937	0.0722337159459414	NPX
HDAC8	1083.99407714715	32.4651225481273	45.2356438349292	20.4416877912276	0.0337192767833997	0.119880566365999	0.124492731887643	0.132592139266251	0.157784645726839	0.0417305267515668	0.018899119222267	0.00468825307592353	0.0787728004272102	NPX
HDX	301.515288833407	21.5374786345137	-31.7615980626757	13.468573015662	0.0242550345411915	0.0931080358194127	0.243849609897108	0.0238075302070552	0.0352667563648079	-0.105339925499514	0.0452989312688979	-0.194125830786554	-0.0165540202124746	NPX
HMGB3	2744.7810826533	136.55653548012	-64.7014301039789	72.2210105578	0.376615622338041	0.601660380751294	0.417856487813683	0.00068567984549097	0.00166522248190664	-0.0235725284296385	0.0263382433347672	-0.0751954853657821	0.0280504285065051	NPX
HMGN5	1763.09193883576	166.066971341644	-118.306437559394	69.1237765119151	0.096095411671289	0.244161133957623	0.624488057264253	9.19182666082469e-07	6.19147569417814e-06	-0.067101683669155	0.0397121782416243	-0.144937553022739	0.0107341856844286	NPX
HNRNPH2	5723.56334538106	265.588060066197	17.1841869105537	114.704440482295	0.881797538938792	0.935194756724141	0.570706207003449	7.32412484013952e-06	3.58179803826001e-05	0.00300235812440538	0.0200412234713349	-0.0362784398794109	0.0422831561282217	NPX
HPRT1	5918.67778808714	228.436483914272	-403.501523538284	112.295842434253	0.00102107946946619	0.00780935814394733	0.528665070538045	3.04128577971004e-05	0.00012479758889155	-0.0681742676295768	0.0191547150010776	-0.105717509031689	-0.0306310262274646	NPX
HSD17B10	3324.33997147086	208.739491928573	42.4142312952511	131.008227424176	0.748108617386856	0.861531536797122	0.101079861266612	0.174761764780542	0.200536685529699	0.0127586924500038	0.0394169357072965	-0.0644985015362974	0.090015886436305	NPX
HTATSF1	4945.18785079109	262.741154628008	-39.1500261702923	124.701223476868	0.755476789733346	0.866505078238914	0.520201554390466	3.97793610325229e-05	0.000159564403242817	-0.00791679251659356	0.0252201886394551	-0.0573483622499256	0.0415147772167385	NPX
HUWE1	24741.6847037274	1255.36059086834	692.190405297754	687.562829560346	0.321175706088002	0.556600616861246	0.323883131345672	0.00552421797987848	0.0102183721182208	0.0279766884747939	0.0278258834293196	-0.0265620430466726	0.0825154199962604	NPX
IDH3G	3357.51573973713	124.648728611263	-15.3419621545816	53.3059947945947	0.775239818853968	0.867588135833437	0.614127257131761	1.40600819589438e-06	8.96330224882665e-06	-0.0045694386397077	0.0158775242750504	-0.0356893862188065	0.0265505089393911	NPX
IDS	14882.3201818439	689.333422309575	-918.210444956602	477.353885094844	0.0628179096539742	0.185274996020616	-0.0638488552484151	0.692943081136967	0.697209595338153	-0.0616980708476356	0.0322022906695173	-0.12481456055989	0.00141841886461834	NPX
IGBP1	6896.62713760036	337.867685244573	-181.579391606595	179.33221592335	0.318436066408905	0.554544759551118	0.401045637279345	0.00102933501733966	0.00238618572201466	-0.026328723879623	0.0260348583180737	-0.0773570461830475	0.0246995984238015	NPX
IKBKG	1178.50724684972	54.0091668087096	23.7806761947271	25.664545346591	0.360667131836421	0.596521669893246	0.479966120367367	0.000132391458797967	0.000425799556674543	0.020178642310682	0.0217967895931953	-0.0225430652919809	0.0629003499133449	NPX
IL13RA1	502.704055842568	43.2613268367676	-79.0515918860482	28.77176187637	0.00953596035758145	0.0445071103365013	0.258658765691752	0.0185314006846283	0.0288895635127175	-0.15725274337314	0.0588121185492582	-0.272524495729687	-0.0419809910165945	NPX
IL2RG	21062.520687963	956.269535959779	1480.61156698455	532.73774264136	0.00881130150416351	0.0425085761754915	0.390704095412757	0.00131164375198247	0.00296365075606165	0.0702960290897521	0.0254937243513829	0.0203283293610417	0.120263728818463	NPX
IL3RA	1881.60321811661	289.871012833356	623.139328130407	169.901302208535	0.000829898274156905	0.00673349281531852	0.356589787835469	0.00280700856527284	0.0057262974731566	0.331174671753664	0.1037127498526	0.127897682042568	0.534451661464761	PAR1
IL9R	264.389728789461	50.6073582533907	-56.8961536635244	34.0560192713093	0.103969914658917	0.254038060216015	0.000184757097634103	0.458094018263993	0.475405710814667	-0.215198048441708	0.135235842675241	-0.480260300085181	0.0498642032017655	PAR2
IRAK1	5622.42469693213	331.669018969534	257.348558547987	161.301330955084	0.119865762395448	0.27787063100763	0.457448916119069	0.000247065840029533	0.000711310523310832	0.0457718106368608	0.0288157083581434	-0.0107069777451003	0.102250599018822	NPX
ITM2A	2880.1245127211	330.009122372463	368.541554850102	176.312803579718	0.0441437447416565	0.143266517025194	0.477433045262366	0.000142254667125565	0.000446817842105068	0.127960285474571	0.0629484029981219	0.00458141559825245	0.25133915535089	NPX
JADE3	584.355222099507	69.6087806119621	-111.708740714026	44.9887193251498	0.0181204444125056	0.0761058665325235	0.137282930554164	0.113084482456418	0.136389054854531	-0.191165812316474	0.0802857828203914	-0.348525946644441	-0.0338056779885069	NPX
JPX	537.214965569025	31.1085933825464	364.464624032638	17.8369045242345	1.1343568003312e-20	4.04965377718237e-18	0.92618887508995	2.32286507536144e-18	8.29262831904033e-16	0.678433490114322	0.0514374493666635	0.577616089355661	0.779250890872982	NPX
KANTR	83.7879335844912	3.6330584916018	-1.48708711346832	2.32755325913039	0.527165284679609	0.718313002406948	0.0662063822770038	0.254255364879682	0.279289739267835	-0.0177482251900717	0.0277897561078906	-0.0722161471615373	0.0367196967813939	NPX
KDM5C	6609.02080486506	384.446393778493	4981.12461609004	254.890092781904	4.60045993832691e-20	8.21182098991354e-18	0.921963698775931	5.91445406962783e-18	1.05573005142857e-15	0.753685721858118	0.0583911117948161	0.639239142740278	0.868132300975957	NPX
KDM6A	1835.67096452716	165.29060728515	1512.79832933251	90.5414224506862	5.79968536755028e-18	5.17621919053862e-16	0.915447750011931	2.27053840348309e-17	2.70194070014487e-15	0.824111923414436	0.0891029475468848	0.649470146222541	0.99875370060633	NPX
KIF4A	3026.68562086171	153.715174326581	-45.8159183487021	68.9906392807995	0.511112143333185	0.709988463696292	0.541535235286836	1.99934455098407e-05	8.89696717737663e-05	-0.0151373231606585	0.0228070818027679	-0.0598392034940837	0.0295645571727666	NPX
KLF8	646.744428163355	44.8523528069243	-76.456849831961	29.8104095389813	0.0149106480019541	0.0657173004530572	0.144897891811503	0.102575391663524	0.124555832734279	-0.118218026321596	0.046816485053989	-0.209978337027414	-0.0264577156157774	NPX
KLHL15	1304.25062121845	85.8673307705791	-3.87875437117143	47.2396889324335	0.935042342269485	0.958517733802151	0.320064829189828	0.00595961593400685	0.0109669221053631	-0.00297393331317552	0.0362203232791453	-0.0739657669403003	0.0680179003139492	NPX
KRBOX4	818.343521312571	24.4587455580206	-8.88243083202901	15.1681521150467	0.562013232995456	0.745868863120363	0.177871388151819	0.0656337527666223	0.0830895380768941	-0.0108541591650682	0.0185380281059979	-0.047188694252824	0.0254803759226877	NPX
LAGE3	623.470545673834	42.896888313276	-25.2634800319584	22.466335288018	0.268675825839299	0.51019824374803	0.384812025144569	0.00150211259312124	0.00331021108484125	-0.040520727414082	0.0361420080053607	-0.111359063104589	0.030317608276425	NPX
LAMP2	7221.45147606412	353.109864004152	-240.969982389798	176.747944191504	0.181731335674392	0.384228479948046	0.42559263146151	0.000565768572576962	0.00139296124420673	-0.0333686355421075	0.0245297300418709	-0.0814469064241745	0.0147096353399594	NPX
LAS1L	3769.84019167395	143.558507530785	4.70533944321123	88.690313224508	0.957999711862999	0.971607662315598	0.128880995063664	0.125629519681861	0.150502478276592	0.00124815355664238	0.0235263273026844	-0.044863447956619	0.0473597550699038	NPX
LINC01420	1621.98042746418	52.5539218844655	19.1846086902706	30.9435989914627	0.539400113794639	0.723931731671752	0.202840937751254	0.0455826954218346	0.0598272877411579	0.0118278916104209	0.0190815137347779	-0.0255718753097437	0.0492276585305856	NPX
MAGED1	8779.88229667639	580.977128939389	682.667753484364	309.476341873455	0.0342515903902855	0.119880566365999	0.436267381389749	0.000431514654543631	0.00114111653090427	0.0777536338662293	0.0356218712819203	0.00793476615366556	0.147572501578793	NPX
MAGED2	3838.73124502299	190.067818630728	87.4284838793019	129.823578406992	0.505219378667608	0.709988463696292	-0.0654913905269616	0.698864528712648	0.700827631321392	0.0227753594348797	0.0338381932188911	-0.0435474992741469	0.0890982181439062	NPX
MAGEH1	845.683430197983	35.1391689358894	66.5954979151953	22.3881515087807	0.00536615039413119	0.0290259953137096	0.213327812339417	0.0388421877504634	0.0525252311625584	0.0787475496588653	0.0266748851531842	0.0264647747586242	0.131030324559106	NPX
MAGT1	6423.53864494736	375.761352774603	17.6291501199712	221.52909804709	0.937038344809385	0.958517733802151	0.217164257387536	0.0365957619086626	0.049865217562567	0.00274446081737797	0.0344874547574507	-0.0648509505072255	0.0703398721419814	NPX
MAP7D2	387.654186213033	154.750115969606	168.008687102107	91.6944911806939	0.0756830512159167	0.209373987488173	0.252204828807897	0.0206913487299535	0.0311679809982844	0.433398356260182	0.293057133212768	-0.140993624836844	1.00779033735721	NPX
MAP7D3	2025.01503803301	99.9690702344282	-95.5820435225358	44.582885122148	0.0392762849696194	0.132803316317536	0.608151530909243	1.78620616714323e-06	1.06698165749756e-05	-0.0472006586259127	0.0221390434321477	-0.0905931837529222	-0.00380813349890317	NPX
MBNL3	2310.0791228803	199.50909798731	70.8206163420468	85.9316457978811	0.415598273671145	0.638607517165938	0.612684962647301	1.49018780162341e-06	9.17236284792341e-06	0.0306572253913732	0.0372926817333998	-0.0424364308060905	0.103750881588837	NPX
MBTPS2	1684.71144607746	88.2605963970311	-8.9403406549786	36.7761291882317	0.809387305604796	0.883643021715328	0.617243688008849	1.23896034156029e-06	8.04197894430954e-06	-0.00530674892474587	0.0218311045202171	-0.0480957137843715	0.0374822159348797	NPX
MCTS1	3441.81611298883	86.9418762211734	-37.7468856056828	52.9040363751647	0.480407346793253	0.686644762200421	0.234912019351699	0.0275788411061961	0.0403510093234098	-0.0109671418711861	0.01537346173384	-0.0410991268695125	0.0191648431271403	NPX
MECP2	3410.51383911835	235.463811898095	47.7418590335583	127.719727726853	0.710872724293762	0.835652251003611	0.326241776843239	0.00526959802102406	0.00990129733423994	0.0139984358034155	0.0374612914722945	-0.0594256954822817	0.0874225670891128	NPX
MED12	3213.27928678181	115.835524994644	70.2501688459931	68.5309524573856	0.312560560775325	0.54967546894971	0.22345340618104	0.0331507308710199	0.0465937437832838	0.0218624534552521	0.0213419754761583	-0.0199678184780181	0.0636927253885223	NPX
MED14	5220.88876575479	276.453912073074	199.626997379425	147.149540831086	0.183839899354161	0.384228479948046	0.385450246107935	0.00148034003482875	0.00328249312070723	0.0382362096447701	0.0282573961769188	-0.0171482868619908	0.0936207061515309	NPX
MID1IP1	5089.47471000291	311.736126347476	169.232778585952	207.590558837041	0.42061838931978	0.640336075542413	0.00954928219482254	0.425550563873361	0.445517745755982	0.0332515216655543	0.0408390269828077	-0.0467929712207488	0.113296014551857	NPX
MMGT1	2512.23187218938	126.146046963891	-207.382253883224	60.4918066354985	0.00160775615643576	0.0112542930950503	0.503915822819212	6.56485208809714e-05	0.000241613628396977	-0.0825490099775274	0.0244330730744083	-0.130437833203368	-0.0346601867516872	NPX
MORF4L2	9958.40790086339	277.534206502292	127.297427584873	162.948660455026	0.440083892099865	0.654210531675672	0.22260606517804	0.0335982133993824	0.0468537585296075	0.0127829095626658	0.0163668005417675	-0.0192960194991985	0.0448618386245301	NPX
MOSPD1	624.684448857411	24.5567670900879	-40.1154385119106	15.8647497415817	0.0162610118657592	0.0707948931228783	0.211068199551993	0.0402188488260234	0.0539779286875578	-0.0642171236778574	0.0255215776876418	-0.114239415945635	-0.0141948314100795	NPX
MOSPD2	1437.09832981855	55.576319232289	-16.5865122219057	32.0882672400829	0.608570445840881	0.783747807201465	0.25328226010278	0.0203163362271927	0.0308635405664162	-0.0115416682893229	0.022332972734564	-0.0553142948490683	0.0322309582704225	NPX
MPP1	1140.39783024223	69.7544434936805	177.137698886215	47.7774151154962	0.000742198065022028	0.00630868355268724	0.25548705434007	0.019567181106759	0.0299029124070596	0.155329740366649	0.0429592047653998	0.0711296990264649	0.239529781706832	NPX
MSL3	5020.45618173368	564.180854240537	922.213292796989	377.587677740561	0.0199422634270264	0.0799931240836902	0.108896110091695	0.159718714764711	0.18512851029546	0.183691134712489	0.0779912436183239	0.0308282972205743	0.336553972204404	NPX
MSN	57403.5731672821	2270.37174746952	341.980537155972	1369.93651824011	0.804373721946287	0.882273777341229	0.166503239976648	0.0768984213526633	0.0953220014684056	0.00595747822455917	0.0238661674196839	-0.0408202099180213	0.0527351663671397	NPX
MTM1	651.752594778296	44.5421951749554	-11.6113148117483	24.6443893329472	0.640539593000882	0.806911934354964	0.295201382699605	0.00961606232751876	0.0161930860892651	-0.0178155252541772	0.0378320886608184	-0.0919664190293813	0.0563353685210269	NPX
MTMR1	3478.19634495862	92.9480094636307	64.7584932999114	56.6802963420875	0.261219084172423	0.501372113169651	0.262453922791062	0.0173546748385365	0.0272934754068614	0.01861841221062	0.0163034811070685	-0.0133364107592343	0.0505732351804742	NPX
MTMR8	149.461666490744	5.95305806951629	-1.67793068908238	3.73238739711425	0.655880988255216	0.806911934354964	0.103412446969887	0.170168845272422	0.195968637942757	-0.0112264952511171	0.0249762081620066	-0.06017986324865	0.0377268727464159	NPX
NAA10	2815.09377835583	162.652196326692	196.454340962645	98.6853487965984	0.0545989482237409	0.168032969964444	0.157323769836383	0.0870913227650447	0.106843993907632	0.0697860733710211	0.0352869224072436	0.000623705452823531	0.138948441289219	NPX
NDUFA1	3304.30877748589	157.044857971109	33.4063877291398	72.3535303211067	0.647229541386333	0.806911934354964	0.519780700456526	4.03080242441813e-05	0.000159888496168586	0.0101099473380806	0.0219019932436935	-0.0328179594195587	0.0530378540957199	NPX
NDUFB11	3772.793799006	179.233866937954	-55.5482495221087	61.6875600403529	0.374200520239559	0.601660380751294	0.739808569670518	2.66711659828972e-09	4.76080312794714e-08	-0.0147233727792767	0.0163655854918326	-0.0467999203432685	0.0173531747847152	NPX
NGFRAP1	265.082248917537	43.9312160084018	-80.0230609766654	28.0615446216996	0.00734404053294573	0.0369270770459384	0.276030228086309	0.0136593897187452	0.0218672741237311	-0.301880119485328	0.117086512713966	-0.531369684404702	-0.0723905545659541	NPX
NKAP	2554.28290117897	78.01720487967	72.6333719964341	32.5575212353881	0.0323891021153123	0.117988871991495	0.613233692450309	1.45762495523738e-06	9.12933524596046e-06	0.0284359152084951	0.0127758042701432	0.00339533883901439	0.0534764915779758	NPX
NKRF	2646.80909653603	79.2249252740139	-79.761304446707	31.7546712591766	0.0169251047018027	0.0721105054836608	0.663821007409214	1.61091754257228e-07	1.47460913512385e-06	-0.030134891311615	0.012031201246102	-0.053716045753975	-0.00655373686925497	NPX
NONO	29163.0658779073	664.094741032642	-36.2797863127605	438.654004888563	0.934569478821345	0.958517733802151	0.0291785154553686	0.360790135582345	0.381071237878394	-0.00124403197059759	0.0150414495070254	-0.0307252730043674	0.0282372090631722	NPX
NSDHL	2045.72604076751	71.3520682498348	-71.4231313605875	45.0805444512111	0.122373785302483	0.281854460341847	0.228549448548969	0.0305647743081412	0.0438217848514314	-0.034913341247683	0.0220700724018098	-0.0781706831552302	0.00834400065986417	NPX
NXT2	1671.32007182146	106.514186606738	-72.7861379833091	37.7448622613066	0.0621931767072253	0.185274996020616	0.7152726013036	1.13888568966851e-08	1.61055620815545e-07	-0.0435500890646185	0.0227537706620461	-0.0881474795622289	0.00104730143299181	NPX
OCRL	753.560719379425	32.2959442094795	-28.812996743055	22.1144171427416	0.201362575822797	0.407721753722687	-0.0261983447343428	0.553805004712087	0.566499675307207	-0.0382357997200056	0.0293922796769616	-0.0958446678868503	0.0193730684468392	NPX
OFD1	2495.72789401554	135.834589531389	141.068841612797	80.212076294294	0.0876274493016473	0.236992419702183	0.22868977063969	0.0304960688730376	0.0438217848514314	0.0565241274704119	0.0322866550989635	-0.0067577165235566	0.11980597146438	NPX
OGT	8192.33633557277	356.465334211578	168.85252708166	189.705066824389	0.379678437016467	0.601660380751294	0.374268115820018	0.00190616243934999	0.0040993975352286	0.0206110345285104	0.0231737662669461	-0.0248095473547039	0.0660316164117247	NPX
OTUD5	4227.60503518652	148.023568176664	33.1750805070387	81.5272198019803	0.68661696034814	0.825327457388169	0.301108801481325	0.00860353607326087	0.0147666460488179	0.0078472516308693	0.0192864502791265	-0.0299541909162187	0.0456486941779573	NPX
P2RY10	4435.78395944459	475.894384775042	1232.36730849792	285.465151581101	0.000129367001075273	0.00144325060574602	0.47366515147742	0.000158175467266548	0.000486798636328945	0.277824014822451	0.070922474089181	0.138815965607656	0.416832064037246	NPX
P2RY8	8296.47516615927	881.730925588013	4272.33048760297	546.797714080549	4.29249758947695e-09	8.06537704970142e-08	0.678793628724703	7.81901732939186e-08	7.9753976759797e-07	0.514957304401934	0.0856678107058345	0.347048395418499	0.68286621338537	PAR1
PBDC1	2196.02441596528	79.5009994844822	-38.7615659190175	32.5453653609544	0.24190169264626	0.469900603696018	0.687868314885002	4.95465247959959e-08	5.83647970727888e-07	-0.0176507900537069	0.014833898518413	-0.0467252311497963	0.0114236510423825	NPX
PDHA1	6961.58087994749	289.334743746242	-191.707188435842	104.837863256901	0.0762426284970938	0.209373987488173	0.755751795072115	9.58168623748781e-10	2.13791374173947e-08	-0.0275378813723254	0.0151029198660243	-0.057139604309733	0.00206384156508222	NPX
PDK3	2574.49933007863	113.926580671237	-106.272658014942	58.0064929435381	0.0757110673227056	0.209373987488173	0.42362824058527	0.000594260168762917	0.00145308822087919	-0.0412789612229946	0.0226051000807438	-0.0855849573812526	0.0030270349352633	NPX
PDZD11	1453.13737374851	38.8895922370408	-79.4469484937114	21.9636839668051	0.000955234886709242	0.00757819676789332	0.559662956045029	1.08098241411568e-05	5.07777265578025e-05	-0.0546727033031778	0.0151853210599481	-0.0844359325806761	-0.0249094740256795	NPX
PGK1	117628.730876038	5179.06905247618	-3518.87547283251	2797.05668074075	0.216940289927651	0.432668622928331	0.332373550120819	0.00465578595357385	0.00888831863864099	-0.0299151019196225	0.0238151370009619	-0.0765927704415078	0.0167625666022628	NPX
PGRMC1	2183.79576901191	93.9187949701621	-144.171599930415	49.2920788148399	0.00609724138896384	0.032488286206867	0.412499217578454	0.000781768869853999	0.00184828799031707	-0.0660188109054023	0.0227496182840593	-0.110608062742158	-0.0214295590686461	NPX
PHF6	5243.30707974027	302.820619148324	-267.79477371656	118.307674284902	0.0300992543491398	0.112805934517265	0.648959551884672	3.19033399794865e-07	2.53099830503926e-06	-0.0510736391449012	0.0227555474003943	-0.0956745120496739	-0.00647276624012843	NPX
PHF8	3491.9143292656	92.1785380312866	-43.7327669437079	52.5645485188973	0.411224609000582	0.638292110492207	0.269993631714291	0.0152078485145359	0.0241297863097303	-0.0125240091308041	0.0150568482602867	-0.0420354317209659	0.0169874134593578	NPX
PHKA2	1644.14355542089	43.1663788680001	34.5572870130015	26.0400454478629	0.193324958416919	0.396649483648506	0.237037994371162	0.0266383486198986	0.0391353516761474	0.0210184122299194	0.0158476712516674	-0.0100430234233486	0.0520798478831874	NPX
PIGA	1414.04490433627	58.2553058250747	-32.5640759374293	27.3588386301712	0.242189666890945	0.469900603696018	0.506455484346959	6.07952154854272e-05	0.000232215161251647	-0.0230290253425257	0.0193711749266167	-0.0609965281986944	0.014938477513643	NPX
PIM2	19451.7570003626	1960.90823135773	1766.65546173351	1291.88878558295	0.180441693244969	0.384228479948046	0.0698447420175765	0.24500206265439	0.269955976443263	0.0908224106285401	0.0670431307639134	-0.0405821256687302	0.22222694692581	NPX
PIN4	652.820142453812	56.7609906692416	142.912949107703	32.5418590323687	0.000104008729122717	0.00119777794505838	0.355405308493291	0.00287919083327241	0.00580718151117656	0.218916267764845	0.0533585596794558	0.114333490793112	0.323499044736578	NPX
PIR	1177.53261836294	77.6411866673144	44.9780018559514	50.2153602183459	0.376709836723315	0.601660380751294	0.0366998839404281	0.337398081943599	0.357421706984762	0.0381968203296838	0.0427188653607547	-0.0455321557773954	0.121925796436763	NPX
PJA1	800.036351591898	30.7909941327503	19.0187201667734	17.1873865979647	0.276256100778986	0.514470914634766	0.300387366416781	0.00872192975547541	0.0148982245105489	0.0237723200063726	0.0215027305678213	-0.0183730319065571	0.0659176719193022	NPX
PLCXD1	2632.82460105469	348.078348307	1208.19371916839	219.891920886338	3.91173896494003e-06	5.17218818697626e-05	0.535344810102836	2.4505062773564e-05	0.000104146516787647	0.458896395409099	0.103229192170718	0.256567178754491	0.661225612063707	PAR1
PLP2	3637.04045240728	332.769397321461	-403.199138513697	192.669654234433	0.0439126812176893	0.143266517025194	0.302281124413713	0.00841416676498895	0.0145113890584592	-0.110859129500973	0.0539365972876961	-0.216574860184858	-0.00514339881708881	NPX
PLS3	966.300942363193	229.190883420157	-218.436140571837	162.81422056073	0.188609181824615	0.391473708787138	-0.0678175902658416	0.707207879927079	0.707207879927079	-0.226053945510627	0.176817274655217	-0.572615803834852	0.120507912813598	NPX
PLXNA3	1048.24985732076	99.5560157589148	93.1390296394613	46.5007119512465	0.0532060952165775	0.166619087651914	0.520707324979998	3.91524739425412e-05	0.000158834468153264	0.0888519363861564	0.0451558277758648	0.00034651394546141	0.177357358826851	NPX
PNPLA4	594.570096800406	48.4550328880749	470.237389394542	27.9845194258802	4.87955180559964e-18	5.17621919053862e-16	0.892318910395585	1.29749302499591e-15	9.26410019847079e-14	0.790886376434095	0.0798097984344931	0.634459171502488	0.947313581365701	NPX
POLA1	4023.20936638538	331.008043292713	-78.7092613228221	160.011912929649	0.625953708946553	0.797250678391332	0.46458004693366	0.0002034949524222	0.000595472934546929	-0.0195637994831817	0.03980476378919	-0.0975811365099941	0.0584535375436306	NPX
PORCN	505.484304088918	17.8130191277614	-3.33123846605823	11.435145794359	0.772579725707065	0.867588135833437	0.0651200444566384	0.257061560172233	0.28150606436039	-0.00659019170152559	0.0226233500126904	-0.0509319577263988	0.0377515743233477	NPX
PPP1R3F	228.726644878286	11.5665504533713	4.83509070176984	6.85776177785316	0.485579127337365	0.690644416173065	0.201463059050844	0.0465369934786418	0.060856068395147	0.0211391668178527	0.0300013985620474	-0.0376635743637602	0.0799419079994657	NPX
PPP2R3B	766.20227810766	121.943100610613	475.048485390423	57.5482582557345	1.24100580620002e-09	2.4613281822967e-08	0.735008147628713	3.5830430662012e-09	5.78746185423111e-08	0.620004010642831	0.124008408616682	0.376947529754134	0.863060491531528	PAR1
PQBP1	2822.51257816811	158.522258631781	-31.5080019441894	68.0892231430384	0.646494713968266	0.806911934354964	0.608052445969273	1.79324648318917e-06	1.06698165749756e-05	-0.0111631041745929	0.0241317665852609	-0.0584613666817043	0.0361351583325185	NPX
PRAF2	408.773398277844	30.3170475577595	-4.87906909256463	12.7269550859125	0.703835848398079	0.832466545143443	0.594816362737466	3.00301860493132e-06	1.62436006357649e-05	-0.0119358772197997	0.0311470815381733	-0.0729841570346193	0.0491124025950199	NPX
PRDX4	3399.63781362397	149.102960116854	136.619723054361	95.7274565944174	0.162649882208259	0.356233177597231	0.0614940346642006	0.266572011899531	0.291028159780222	0.0401865523753327	0.0282132412715669	-0.0151114005169385	0.0954845052676038	NPX
PRICKLE3	1091.13886519657	40.1744042829947	-42.4204521350002	19.7523923209559	0.0389594139089186	0.132803316317536	0.504170025780848	6.51471807185302e-05	0.000241613628396977	-0.0388772258857794	0.0181590511750064	-0.074468966188792	-0.00328548558276692	NPX
PRKX	2936.67378932271	282.228292640893	1288.38589026954	189.055752675223	7.68722979178101e-08	1.24742774348446e-06	0.598514180878897	2.60523238407185e-06	1.45323118924008e-05	0.438722848603039	0.0769559096848289	0.287889265620774	0.589556431585304	NPX
PRPS1	4223.04421861478	167.666826976596	-63.7702370089342	82.0908982786822	0.442633494506112	0.654210531675672	0.469617471061656	0.000177082850721586	0.000540329723996634	-0.0151005373630333	0.0194480400221668	-0.0532186958064803	0.0230176210804138	NPX
PRPS2	4974.20679486884	228.94321966674	-51.4708428273917	113.964374613461	0.654396465911223	0.806911934354964	0.440618639846483	0.000385663374843671	0.00104304412741811	-0.01034754785034	0.0229160143737267	-0.0552629360228443	0.0345678403221643	NPX
PSMD10	3381.57628778571	104.601712207266	-11.2472971106718	51.8789144618728	0.829660637210008	0.894830354936474	0.44376836458382	0.000355292872799164	0.000983252368909313	-0.0033260515669267	0.0153419815535516	-0.0333963354118878	0.0267442322780344	NPX
PUDP	2075.78957060357	251.346440263185	2112.44734075631	137.100242284759	6.6667825828093e-17	3.96673563677153e-15	0.900769421467233	3.31204733318797e-16	2.95600224487026e-14	1.01765967546608	0.139807597049897	0.743636785248286	1.29168256568388	NPX
RAB33A	1244.26161902053	60.9245344081265	-51.4105844170845	39.5288616061921	0.202147760249063	0.407721753722687	0.0453602557943787	0.311534303236511	0.333987225992295	-0.0413181469485126	0.031833284314614	-0.103711384205156	0.0210750903081308	NPX
RAB39B	1177.88223729421	57.5270938316073	11.3581918217061	36.5738227478469	0.758034627533313	0.866505078238914	0.105710505622683	0.165730417803478	0.191474948724407	0.00964289252531535	0.0310540631470265	-0.0512230712428565	0.0705088562934872	NPX
RAB9A	4622.80661009136	319.918246557459	-2.87379293548089	192.5055087866	0.988176586305998	0.988176586305998	0.171964070452696	0.0713064055774418	0.0899518967885043	-0.000621655452600492	0.0416425837710828	-0.0822411196439228	0.0809978087387219	NPX
RAP2C	3725.54573051027	258.07257059574	-182.440035439547	109.444593974081	0.10470907586283	0.254038060216015	0.59093790960597	3.48015557382725e-06	1.8270816762593e-05	-0.048970016377858	0.029571999549732	-0.106931135495333	0.0089911027396167	NPX
RBBP7	10320.9842639546	368.524062473508	-95.1281551932279	207.337100834129	0.649290882921835	0.806911934354964	0.275233196347666	0.0138556159110447	0.0220823878582275	-0.00921696543278895	0.0200915839467788	-0.0485964699684754	0.0301625391028975	NPX
RBM10	4774.98524668173	125.768659256944	120.488864866004	71.7635344884315	0.102326678636504	0.253684890786334	0.252713596709138	0.0205135285427262	0.031031058007429	0.0252333480924857	0.0150437473647749	-0.00425239674247309	0.0547190929274445	NPX
RBM3	17104.6318602047	661.93070222166	-605.395196225409	360.196999436486	0.101980724713011	0.253684890786334	0.373823557516326	0.00192516765631755	0.00411395688880303	-0.0353936408087162	0.0211029451767791	-0.0767554133552033	0.00596813173777089	NPX
RBM41	1074.93908481266	42.4653201693568	7.564248112318	17.6260780899657	0.670520567266537	0.809950499471842	0.603272663179027	2.16509428571585e-06	1.24667525806541e-05	0.00703690862039523	0.0163996371753468	-0.0251063802432844	0.0391801974840749	NPX
RBMX	23667.3719957445	635.169428164403	-347.436032705453	333.718956145138	0.305174355536968	0.540302776246985	0.414559409350319	0.000743458777698513	0.00179020739553205	-0.0146799582466496	0.0141058835282644	-0.0423274899620478	0.0129675734687487	NPX
RBMX2	1965.05679350933	56.9657936222948	-97.0057240117642	27.6758954143033	0.00130265266557539	0.0093009400322083	0.643651557933706	4.0409264422923e-07	3.06938455297522e-06	-0.0493653538829912	0.0141565366773705	-0.0771121657706375	-0.021618541995345	NPX
RENBP	362.113247452923	39.4059252626749	-29.1089617060724	20.7413056386259	0.169556318190605	0.367861173863379	0.412041625517782	0.000790517258254832	0.00185667540261168	-0.0803863484995995	0.0579426561330138	-0.193953954520306	0.0331812575211075	NPX
RLIM	3934.56662386598	166.941185708026	-161.032076989231	97.468675486038	0.107712721432575	0.256356277009529	0.255388270423114	0.0196002283004256	0.0299029124070596	-0.0409275257946976	0.0248331945698716	-0.0896005871516459	0.00774553556225072	NPX
RNF113A	1781.59572377416	63.1138612805956	9.65420499784102	29.7032506622177	0.747156121248216	0.861531536797122	0.496058554415524	8.30079827526215e-05	0.000290527939634175	0.00541885281212363	0.0166733783261743	-0.027260968707178	0.0380986743314253	NPX
RP2	856.396947415948	45.4888639237476	-64.9117861090428	21.410481004769	0.00462791198268187	0.0254179165818066	0.491302491487678	9.54682870558354e-05	0.00032459217598984	-0.0757963772581215	0.025322747930218	-0.125428963201349	-0.0261637913148943	NPX
RPGR	661.221801098828	29.5672370675945	5.59572809853671	14.1538476224067	0.695054075404799	0.832466545143443	0.479238359813116	0.000135159010679014	0.000430819346539356	0.00846270962215348	0.0214089420148789	-0.0334988167270092	0.0504242359713161	NPX
RPL10	98573.8705515048	7143.88711981002	5125.41369649911	2473.40517736747	0.0458982811886019	0.146300771288668	0.729414082714876	5.01845183171801e-09	7.46494709968053e-08	0.0519956624186842	0.0253732713343958	0.00226405060326837	0.1017272742341	NPX
RPL36A	34101.999771614	1694.33354381723	-647.01412397012	704.434348915622	0.364833986788325	0.596521669893246	0.661772671278077	1.7734740823957e-07	1.58282561853816e-06	-0.0189729085773053	0.0206781849665678	-0.0595021511117782	0.0215563339571676	NPX
RPL36A-HNRNPH2	30.6914062118287	2.84456743493804	0.752742451888416	1.6574812594817	0.652608034240734	0.806911934354964	0.224902425204879	0.0323972132592799	0.0460789049145933	0.0245261636659158	0.0540525544016298	-0.0814168429612786	0.13046917029311	NPX
RPL39	38510.3033831875	2628.69603625458	-119.412269818749	1025.77034314295	0.908010705142537	0.952484904853296	0.652442072975165	2.72618082531705e-07	2.21192398781406e-06	-0.00310078756405956	0.0266370980638435	-0.0553094997691929	0.0491079246410737	NPX
RPS4X	63594.1038524015	6476.84721128313	41096.1776943588	4208.00587060361	2.13058204097361e-11	5.0707852575172e-10	0.746005879085789	1.80613209415115e-09	3.79287739771741e-08	0.646226225464877	0.0933283419022989	0.463302675336371	0.829149775593383	NPX
RPS6KA3	5058.53113857558	253.64859269252	-65.2686163052681	104.024641928692	0.534566044098481	0.723487800422119	0.626003059138186	8.62844669058207e-07	5.92485875934166e-06	-0.0129026815328939	0.0205743740085578	-0.0532284545896672	0.0274230915238794	NPX
RRAGB	593.371124912571	31.7911263413737	-9.65448783789018	19.717221184798	0.627527844896259	0.797250678391332	0.156312980750233	0.0882767613078956	0.107927410229174	-0.0162705723830304	0.0332405876587994	-0.0814221241942772	0.0488809794282163	NPX
SASH3	14200.5143699056	387.238543690831	677.802774581078	262.008654233199	0.01413471852584	0.063076181421561	0.078541990678034	0.223791480700849	0.248889590685991	0.0477308607931491	0.0184964982218195	0.0114777242783828	0.0839839973079154	NPX
SAT1	9578.07604535819	952.435787884326	-572.579335496004	625.644809522328	0.366541122014708	0.596521669893246	0.0500367275457492	0.298062956851546	0.320507456614464	-0.059780203538214	0.0655904412820829	-0.188337468451096	0.0687770613746685	NPX
SCML1	280.178624007752	44.7325713647227	-79.6124111883364	28.2015465911968	0.00789594538844381	0.0391507292177006	0.191415416570334	0.054011755488602	0.0698630315559092	-0.284148769272754	0.110406804600845	-0.500546106290411	-0.0677514322550977	NPX
SEPT6	20926.2834837413	1567.26263794807	5368.23491607053	970.844208889519	3.52263940717672e-06	4.83685487831573e-05	0.530894285889024	2.83093346675478e-05	0.000118899205603701	0.256530736584994	0.0502144286261812	0.158110456477679	0.354951016692309	NPX
SH3BGRL	10104.8307931526	558.488208163841	-431.335703640741	189.792458525755	0.0294852491676204	0.11198121226426	0.73577117686556	3.42010329684911e-09	5.78746185423111e-08	-0.0426860887104643	0.0189299399581087	-0.0797887710283573	-0.00558340639257125	NPX
SH3KBP1	28306.8529127207	1044.5488531756	-102.450623285408	595.54443301012	0.864434996998781	0.923961957869955	0.315355606876626	0.00653834065702051	0.0117295860027956	-0.00361928694798028	0.0210393021831642	-0.044856319226982	0.0376177453310215	NPX
SLC10A3	855.959718536095	63.2051800085951	-8.0501668954359	34.5110815225493	0.816955686806036	0.886483830363997	0.313619014196246	0.00676399409141881	0.0120737294531826	-0.00940484314986656	0.0403245617816072	-0.0884409842418166	0.0696312979420835	NPX
SLC25A14	354.793308654399	14.784099471776	2.08924626373278	8.81454163581261	0.814061546843328	0.886036500680086	0.184080825690589	0.0600740507938623	0.0765944147621744	0.00588862927448243	0.0248453714630456	-0.0428082987930869	0.0545855573420517	NPX
SLC25A43	1440.59749775881	74.8796046471223	-43.1135982772812	44.6563531536365	0.341135415892067	0.577181722623071	0.195885548202757	0.0505718697319582	0.0656514817974875	-0.0299275809824427	0.0310375010656024	-0.0907610830710235	0.030905921106138	NPX
SLC25A5	23067.223417783	804.963199897368	-895.734803668168	522.233590117188	0.0954105181927907	0.244161133957623	0.220481902647785	0.0347425465507455	0.0477041889177545	-0.0388314964243866	0.0226801555144587	-0.0832846012327258	0.00562160838395248	NPX
SLC25A53	419.912628107823	27.3208644802663	-15.8576589590317	15.6110366060984	0.316899985368927	0.554544759551118	0.259735455729557	0.0181907452842123	0.0284828774844903	-0.0377641868749893	0.0372579749942059	-0.110789817863633	0.0352614441136543	NPX
SLC25A6	47945.4415034664	5309.13189352538	25170.9495004496	2516.12818952218	1.15513514706074e-11	2.94559462500489e-10	0.776679290673008	2.23266657101863e-10	6.64218304878041e-09	0.524991505159666	0.0783171690104225	0.371489853899238	0.678493156420094	PAR1
SLC35A2	1044.07953679203	42.9568770024117	-40.1903065415901	27.123498816564	0.147615708380436	0.329367549323849	0.0836794281540367	0.211864778440671	0.237848194664527	-0.0384935295878667	0.0260266149571564	-0.0895056949038932	0.0125186357281598	NPX
SLC38A5	2438.92488442985	137.411807271687	-30.5063058953215	79.6824955956047	0.704215396731988	0.832466545143443	0.225474841663649	0.0321035783142794	0.045843909832791	-0.0125080957146628	0.0326787556552454	-0.0765584567989438	0.0515422653696182	NPX
SLC6A8	343.910474758951	61.6623185159463	10.6953741718441	41.2757859114243	0.797105246662863	0.881011062101059	-0.0274658921439446	0.558501415198291	0.569671443502257	0.0310992975114834	0.120148444519685	-0.204391653747099	0.266590248770066	NPX
SLC9A6	1346.11671858844	80.9199208760058	-107.390662215465	31.4764922449949	0.00168173299446728	0.0115118385830031	0.66072317189695	1.86255631856803e-07	1.62178684324094e-06	-0.079778120821556	0.0238699061379174	-0.126563136851874	-0.0329931047912379	NPX
SLC9A7	10069.9150063878	489.624854945449	-54.7628536882646	308.597617028296	0.860202322162794	0.922198885922275	0.0877402145829493	0.202753063173165	0.228337045907949	-0.00543826374438375	0.0306466443958754	-0.0655056867602996	0.0546291592715321	NPX
SMC1A	11225.5388427544	1196.17929803982	6074.93132703907	652.652538464334	7.08046047169334e-11	1.57982774274658e-09	0.765983101597028	4.78211933474274e-10	1.31324354038704e-08	0.541170576498443	0.0818881965266726	0.380669711306164	0.701671441690721	NPX
SMS	11544.075008206	339.722681333777	-613.730630604413	201.005203270132	0.0043757136884739	0.0247957109013521	0.464258188102259	0.000205299110363267	0.000595868149590945	-0.0531641236017741	0.0174821281271097	-0.0874290947309092	-0.0188991524726391	NPX
SNX12	2748.86769772426	100.231063951436	-47.2784008606869	69.4246334942313	0.500481545909019	0.70621309047241	-0.0616758090301177	0.685073632544283	0.692836506567448	-0.0171992274854944	0.0252635052121168	-0.0667156977012434	0.0323172427302546	NPX
SOWAHD	256.500901367396	25.6981824104354	30.1918746083843	16.4728640512156	0.0755978857893979	0.209373987488173	0.0932916578766346	0.190744714103487	0.216865805525302	0.117706699849524	0.0652952177538478	-0.0102719269480181	0.245685326647065	NPX
SPIN2B	163.856495979191	11.1120354094837	12.0616182414772	4.80398221500788	0.0169671777608614	0.0721105054836608	0.580092828982265	5.21255677956911e-06	2.62096164831855e-05	0.0736108640026639	0.0297401796299923	0.015320111927879	0.131901616077449	NPX
SPIN3	164.466421545125	10.8256545558591	5.92125256903355	7.20069754666237	0.416626668344152	0.638607517165938	0.00545840241102169	0.439650749405148	0.458933677010637	0.0360028053958048	0.0438462630733216	-0.0499358702279055	0.121941481019515	NPX
SPIN4	504.708423663475	46.880295536039	-14.6155519502339	17.5067877715658	0.409629864996956	0.638292110492207	0.700642768057493	2.54231632312439e-08	3.36150713835336e-07	-0.0289584070028898	0.0347910701457591	-0.0971489044885777	0.0392320904827981	NPX
SSR4	6483.35770290429	419.535778164429	334.602542717819	250.490768277258	0.190491851681884	0.393095902025623	0.197813082084337	0.0491457866620537	0.0640330140085882	0.0516094527019433	0.0387800304383242	-0.024399406957172	0.127618312361059	NPX
STAG2	13785.5020884496	731.588416744374	-453.520710186064	323.512804318302	0.17001987027299	0.367861173863379	0.562035859592361	9.95198889663645e-06	4.73714671479895e-05	-0.0328983817401946	0.0235324656090778	-0.0790220143339871	0.0132252508535979	NPX
STK26	8088.01541064079	391.170998860655	-437.931435747458	198.025962377224	0.033826668848589	0.119880566365999	0.427666158132986	0.000537046008691384	0.00134073723848129	-0.0541457222214617	0.024623522222403	-0.102407825777371	-0.00588361866555188	NPX
STS	2641.51904063214	477.045743516001	2182.04985971623	290.030765266477	9.81467803821568e-09	1.66849526649667e-07	0.696496814140211	3.1675526450916e-08	3.89936653206103e-07	0.826058728387601	0.185231535595511	0.4630049186204	1.1891125381548	NPX
SUV39H1	1474.37264997931	59.8411326796881	3.85829273343516	35.9351915728195	0.915128046725981	0.955265241757822	0.187942575122524	0.0568159278754345	0.0729614613364393	0.00261690471095574	0.0243734396352406	-0.0451550369741159	0.0503888463960274	NPX
SYAP1	4058.87383593738	200.627063623493	256.677172735593	106.887483313254	0.0219473261691618	0.0856682539209271	0.43383176690783	0.00045929504082066	0.00120564948215423	0.0632385196265442	0.0265191374844353	0.011261010157051	0.115216029096037	NPX
TAB3	3388.60139612356	151.582285136077	-112.438140303645	75.4544343221706	0.145405128154402	0.32854196677925	0.429782839964391	0.000509099123037382	0.00128899565194571	-0.033181282529208	0.022316547782813	-0.0769217161835215	0.0105591511251055	NPX
TAF1	3802.43667170844	124.675257911473	20.3756601269067	82.1753073358696	0.805661768664539	0.882273777341229	0.00147889655626332	0.453541637784351	0.472053541367386	0.00535857974401237	0.0216119373256336	-0.0370008174142296	0.0477179769022543	NPX
TAF9B	1544.96813137833	104.587668560318	-34.3001518505768	45.8204111115522	0.459259060406652	0.674713928251748	0.558481425582873	1.12619760048602e-05	5.22146160225337e-05	-0.0222012034772369	0.0296958921044651	-0.0804051520019884	0.0360027450475146	NPX
TAZ	1114.38049847826	67.8720324954507	46.7216092094428	26.6929131797037	0.0890804644579938	0.238326157876876	0.646362969067227	3.58312081282502e-07	2.78081332647507e-06	0.0419260829431628	0.0240888666882388	-0.00528809576578532	0.0891402616521109	NPX
TBC1D25	1650.32005459622	90.6966079339262	-28.7121749477244	46.041588718113	0.53704276501922	0.723487800422119	0.406702751226139	0.000899354461363264	0.00209849374318095	-0.017397943427858	0.0279149611556341	-0.0721112672929009	0.037315380437185	NPX
TBC1D8B	696.951668951186	60.9817666173895	-172.730107465934	37.5334402382735	5.60158951542777e-05	0.000689574985175073	0.44946198327662	0.000305866688191754	0.00087355526147565	-0.247836564802074	0.0580557451652633	-0.36162582532599	-0.134047304278158	NPX
TBL1X	2798.58855187116	174.576826431665	-246.2554959023	115.919952892908	0.0409929644386935	0.136770918734706	0.0544748435611786	0.285607090257152	0.308974943096373	-0.0879927475361289	0.0417829770892636	-0.169887382631085	-0.00609811244117227	NPX
TCEAL1	757.566861237739	24.0857599005634	16.0644458877924	16.202395555117	0.328452493005934	0.563738173091916	-0.0157806180206848	0.51546365217335	0.53031851246653	0.0212053175894544	0.0213980369012799	-0.0207348347370542	0.063145469915963	NPX
TCEAL3	1239.73610658124	60.1439227358144	60.575608189457	32.1394679220438	0.0680319702697285	0.195866236986235	0.342254168231529	0.00379981337509869	0.00741275068256957	0.0488616955397899	0.026032590720361	-0.00216218227211767	0.0998855733516974	NPX
TCEAL4	2411.53110086756	103.30672167916	-45.2173965637222	64.7376050763636	0.489632367512513	0.69364585397606	0.222944093468131	0.0334190898636116	0.0467867258090563	-0.018750492808264	0.026857036346964	-0.0713902840483134	0.0338892984317854	NPX
TCEAL8	2455.94957850977	108.185340867992	-124.448695674009	34.7340800962043	0.00105067585686987	0.00781440168546966	0.764696898128692	5.22782649866114e-10	1.33309575715859e-08	-0.0506723333259643	0.014317893874556	-0.078735405320094	-0.0226092613318346	NPX
TCEANC	184.710907989983	8.89710203731616	10.0178581339554	5.50837026576607	0.0777812361694123	0.211968712309009	0.230950734924695	0.0294070305849912	0.0425032790236512	0.05423533587144	0.0299357804395368	-0.00443879379005215	0.112909465532932	NPX
TFE3	3211.40090879731	136.442994080121	107.445132943016	77.4693161707726	0.174486901609733	0.375251951052258	0.277601440263334	0.0132796534844066	0.0214517479363492	0.0334574025462472	0.0241650617102498	-0.0139061184058423	0.0808209234983368	NPX
THOC2	7771.83251220146	322.659313866442	-132.019207088765	122.835176390955	0.290047328847934	0.528300491830165	0.672222142386702	1.07860590630797e-07	1.0696175237554e-06	-0.0169868826794068	0.0158209016386396	-0.0479958498911405	0.0140220845323269	NPX
TIMM17B	1518.93470839047	99.8189354329934	89.3752682656141	48.7367156052707	0.0754436463317481	0.209373987488173	0.465693949954319	0.000197362362690366	0.000587153029003838	0.0588407571253145	0.0323182769142955	-0.00450306562670462	0.122184579877334	NPX
TIMM8A	802.557327525043	34.428220525993	-24.6838924658996	23.7364127777429	0.305717537260199	0.540302776246985	0.0109534912615017	0.420754812652829	0.44179255328547	-0.0307565473759	0.0296053865561813	-0.0887831050260153	0.0272700102742154	NPX
TIMP1	3074.84417412431	259.054429971043	-144.571755805138	152.979054460908	0.351304997976532	0.58605553400758	0.217504780853934	0.0364017813187883	0.0497909422636299	-0.0470175877599752	0.0499092529545326	-0.144839723550859	0.0508045480309086	NPX
TLR7	5929.37382093538	427.879128548269	191.731233506589	242.226544064265	0.434118383560553	0.651177575340829	0.30986359837477	0.00727568496651876	0.012795170113533	0.0323358316235056	0.0409185483125522	-0.0478645230690968	0.112536186316108	NPX
TMEM164	1533.45592952207	81.0103838087341	142.406762069923	44.102326511091	0.00275290883583413	0.0169446285240135	0.505716527462374	6.21721946501951e-05	0.000233636563053891	0.0928665502074823	0.0291755306729213	0.0356825100885566	0.150050590326408	NPX
TMEM185A	970.114160940328	73.7673090912598	-106.884208951102	48.3775474660736	0.0339859781802314	0.119880566365999	0.0419753593989233	0.321503293642134	0.343642742006712	-0.110176939224864	0.0505667350645618	-0.209287739951405	-0.0110661384983228	NPX
TMEM187	159.291735868635	9.06892701543403	-0.337591043308249	4.89145321075958	0.945380791233235	0.961541146638931	0.331373344727786	0.00475134520377572	0.00902250126461666	-0.00211932553479519	0.0307077510617367	-0.0623065176157991	0.0580678665462087	NPX
TMLHE	1333.7099053211	43.7987888783667	-13.5997681227451	25.8475193732001	0.6021969570931	0.778928672761728	0.206695703668375	0.0429994246675308	0.0568547948381796	-0.0101969461788401	0.0193830588317851	-0.0481877414891389	0.0277938491314588	NPX
TMSB15B	290.913163930611	21.7220454584376	2.69696300639753	13.4753585921326	0.842563132165781	0.906009151154169	0.118306642018862	0.142900187890483	0.168367548108589	0.00927068053558692	0.0463260687187734	-0.0815284141532089	0.100069775224383	NPX
TMSB4X	255374.535720982	13472.8616696443	3223.39413168329	7211.74304362981	0.657734938087659	0.806911934354964	0.366524616724062	0.00226256606903025	0.00472360284587017	0.0126222221905677	0.0282477177126221	-0.0427433045261717	0.067987748907307	NPX
TRAPPC2	713.334218072624	48.0627513401103	73.4590150964966	27.8262982816274	0.0124298051982851	0.0568902622536895	0.388962468837455	0.00136553610685951	0.00304955754585333	0.102979799980684	0.0396210578419468	0.0253225266104685	0.1806370733509	NPX
TRMT2B	995.72509953544	35.9934492740945	32.5487270965398	21.9215554443945	0.146814792223874	0.329367549323849	0.234173077458003	0.0279123114258023	0.0406722252204548	0.0326884670394726	0.0220473573656051	-0.0105243533971134	0.0759012874760587	NPX
TRO	291.737435406817	34.9733891467802	19.4902084887894	23.7101996930551	0.416794261903819	0.638607517165938	-0.0503145626091746	0.643405076553764	0.654403453930752	0.0668073621117943	0.0816660490438545	-0.0932580940141604	0.226872818237749	NPX
TSC22D3	4845.56234786404	723.802478814442	-97.4650045022721	385.564122621877	0.801956110389235	0.882273777341229	0.346271865151208	0.00349402360548708	0.00689152722187231	-0.0201142813785557	0.0796272680015047	-0.176183726661505	0.135955163904394	NPX
TSPYL2	2210.75297205331	99.6276270318457	-19.5866518544555	56.0861983438491	0.729074769213626	0.853376041341851	0.298858770138817	0.00897753819609763	0.015261814933366	-0.00885971978871241	0.0253728681057245	-0.0585905412759324	0.0408711016985075	NPX
TSR2	2233.2703806276	64.3645329557863	52.5999084911352	38.7396173872934	0.183476819910776	0.384228479948046	0.170034566010307	0.0732432929465296	0.0917468616909161	0.0235528617347056	0.0173598629281547	-0.0104724696044776	0.0575781930738888	NPX
TXLNG	3060.96715486115	182.667387554	584.009455379178	96.5043322269922	7.38144211656929e-07	1.09798951483968e-05	0.625998628849888	8.63004637215032e-07	5.92485875934166e-06	0.190792460628565	0.0335203418990214	0.125092590506483	0.256492330750647	NPX
UBA1	14242.8428822857	639.319250295506	2396.24346304389	408.557219717745	1.28892789585921e-06	1.84058903528696e-05	0.584945977280313	4.35698294280325e-06	2.2542650877982e-05	0.168241936167406	0.0296625236789697	0.110103389756625	0.226380482578186	NPX
UBE2A	4908.27601598096	184.268713599525	31.3108738326875	71.2652456522917	0.663182861580921	0.808041916670269	0.658798322014327	2.03685042396996e-07	1.73132286037447e-06	0.00637919989233322	0.0145213796687929	-0.0220827042585008	0.0348411040431673	NPX
UBL4A	2375.26283940998	95.1702092399667	-7.71973806952324	55.3084753065644	0.889818506149785	0.939837889631578	0.222014443774493	0.0339136764337573	0.0471096594819119	-0.00325005634805487	0.023285566243302	-0.0488897661849269	0.0423896534888171	NPX
UBQLN2	2811.39250222004	95.1069182796192	37.1009728147492	63.881965666576	0.565222988212725	0.747350395525714	-0.0142897096000796	0.510024486522108	0.526239137827724	0.0131966535392878	0.0227269205111331	-0.0313481106625331	0.0577414177411087	NPX
UPF3B	2481.89700732509	100.666555027708	42.2610045114035	38.6376477844624	0.281741309098434	0.518462099732685	0.66563888588832	1.47837484008172e-07	1.42643194029507e-06	0.0170277027558654	0.0155831009845482	-0.0135151751738491	0.0475705806855798	NPX
UPRT	1407.72879525767	69.034288019911	-55.2010733241254	25.7694246560351	0.0394317970018453	0.132803316317536	0.679442123011663	7.57174943028067e-08	7.95033690179471e-07	-0.0392128608224011	0.0184063997738784	-0.0752894043792027	-0.00313631726559942	NPX
USP11	2858.91960460002	97.2465989785981	-188.787488966756	55.6429954218796	0.00177069244875256	0.0115118385830031	0.428124782645493	0.000530874988920118	0.0013346645848203	-0.0660345567825678	0.0195921295235821	-0.104435130648789	-0.0276339829163468	NPX
USP27X	138.765026517333	9.66348093505089	-3.46315371741584	5.73332647579477	0.549827111770171	0.732418951126683	0.209385360015766	0.0412705678639234	0.0547717201762849	-0.0249569636120328	0.0413533350874265	-0.106009500383389	0.0560955731593231	NPX
USP9X	12359.2723953876	795.651061602612	1240.83309849854	320.259775511781	0.000463357830350695	0.00447077690365401	0.714749437168392	1.17295410117764e-08	1.61055620815545e-07	0.100396937522116	0.0267063972938579	0.0480523988261542	0.152741476218077	NPX
UTP14A	3068.07515550869	152.150361834064	-1.71338912541694	73.6780735088537	0.98158275649328	0.98434001142725	0.506267141686673	6.1143487836568e-05	0.000232215161251647	-0.000558457351457175	0.0240144451390718	-0.0476267698240378	0.0465098551211235	NPX
UXT	3427.37052368117	183.297539024862	-76.2691426885354	72.8641077919455	0.302608123676799	0.540155500763087	0.641655103573334	4.41214871594181e-07	3.28153560748172e-06	-0.0222529610269912	0.0212927625437644	-0.0639867756127694	0.019480853558787	NPX
VAMP7	4338.04250887529	212.48899793883	-232.722122362375	71.061209303676	0.00243453476808119	0.015247875652719	0.742959012667728	2.1903997989132e-09	4.32433550473332e-08	-0.0536468054165546	0.0165903679245493	-0.0861639265486713	-0.0211296842844379	PAR2
VBP1	5892.98315388281	207.915673123549	-123.839369906076	99.7922000417371	0.223110472507365	0.440074936511058	0.483151490602481	0.000120878398285117	0.000400570634720896	-0.0210147164300784	0.0169502956021591	-0.0542372958103102	0.0122078629501535	NPX
VMA21	2713.83841668866	141.3633796928	-87.7713245623372	69.5325605906616	0.215429031293881	0.432068338044469	0.442782800613161	0.000364552951891598	0.00100111849096385	-0.0323421335708827	0.0256768088336581	-0.0826686788848525	0.0179844117430872	NPX
WAS	5082.71862685155	281.157843124956	202.342664415824	102.487910410722	0.0565149367731684	0.172443012205309	0.69730916268251	3.03476115458139e-08	3.86932047209127e-07	0.0398099283613431	0.0202838878936562	5.35080897769227e-05	0.0795663486329093	NPX
WASH6P	629.726171805557	43.2873046851948	37.7911991586619	21.6172453349956	0.0894557567380992	0.238326157876876	0.43301904494659	0.000468920937508267	0.0012219326619741	0.0600121145518004	0.0345749859178875	-0.00775485784725913	0.12777908695086	PAR2
WBP5	586.613557625161	53.2891314014944	-118.237437246805	28.9381372342717	0.000252994624578018	0.00250886336039868	0.595883716205676	2.88277898878467e-06	1.5833109215325e-05	-0.201559332732567	0.0526192854714459	-0.304693132256601	-0.0984255332085327	NPX
WDR13	1637.59826460435	110.353573677563	53.1012731501262	49.6440782668304	0.292316783426214	0.529731429863749	0.541245235182807	2.01863961167369e-05	8.89696717737663e-05	0.0324263125443381	0.0303938254310158	-0.0271455853004528	0.091998210389129	NPX
WDR44	1423.62057006691	72.3289526986248	-36.6353323670093	33.2015311497146	0.277592303086261	0.514470914634766	0.517136083978649	4.37808586292479e-05	0.000170582278006517	-0.0257339161412141	0.0233585157340715	-0.0715166069799942	0.020048774697566	NPX
WDR45	703.013396617325	37.0707769796671	-1.75206206245455	19.4672012346784	0.928814756562991	0.958517733802151	0.365043001214325	0.002337214239259	0.00485107839195037	-0.00249221717663548	0.0276913933048041	-0.0567673480540514	0.0517829137007805	NPX
WWC3	1506.48960853828	179.858480513539	172.096076711689	116.63221101067	0.149267617570734	0.330984717222063	0.151189555880729	0.0944845948828901	0.11512286816789	0.114236484431294	0.0786119940476371	-0.0398430239020748	0.268315992764663	NPX
XIAP	2450.15374654289	147.133802990935	50.1645330219739	78.274518055315	0.525897460591083	0.718313002406948	0.400309262478852	0.00104744944264355	0.00240264219841846	0.0204740347795541	0.0319704278941367	-0.0421880038929539	0.083136073452062	NPX
XIST	344.328633103836	1687.41343802988	15974.8744586877	1009.01040141339	2.95542236163818e-17	2.11017156620966e-15	0.88189517571071	6.0586093291281e-15	3.60487255083122e-13	0.978900401498341	0.133159401430416	0.717907974694725	1.23989282830196	NPX
YIPF6	1343.37311087775	50.7711681110069	-48.1643196888592	28.0635234843606	0.0952139951138435	0.244161133957623	0.303246282529729	0.00826102932796609	0.0143862803418727	-0.0358532706206906	0.0209342420691181	-0.0768843850761621	0.00517784383478082	NPX
ZBED1	6335.7650642735	335.894692597644	2809.89174483915	211.967642821285	5.44635442132662e-15	2.430435660517e-13	0.856984518242232	1.45892184761418e-13	6.51043874497828e-12	0.443496833663189	0.0408914757132328	0.363349541265252	0.523644126061125	PAR1
ZBTB33	3802.04089058291	201.628465930672	-49.4824420470004	87.8317469007222	0.576874737130659	0.754374656247785	0.564021238710557	9.28306062539435e-06	4.47844951792673e-05	-0.0130147053835116	0.0231115185549147	-0.0583132817511443	0.0322838709841212	NPX
ZC4H2	510.599903145032	25.5515581633225	4.12649994463038	13.7931504256957	0.766631309448782	0.867588135833437	0.355560007439298	0.00286967001385673	0.00580718151117656	0.00808167004970676	0.0270166445770477	-0.0448709533213068	0.0610342934207203	NPX
ZDHHC9	1381.46196542448	64.1971560242921	-60.8899040820646	37.7227810029535	0.11574073377967	0.273638688472465	0.221271317815684	0.0343134772045651	0.0474802765970145	-0.0440764245459014	0.0273831320413518	-0.0977473633469509	0.00959451425514814	NPX
ZFX	1978.77421621986	139.11884373646	889.558350709961	81.2585482070298	1.09326204307552e-12	4.33660610419955e-11	0.797800234049084	4.40307313578136e-11	1.57189710947395e-09	0.449550203059208	0.0518196264311108	0.347983735254231	0.551116670864185	NPX
ZMYM3	3364.53642478283	144.208410351783	-67.1177989211713	86.5602949660078	0.443470444441212	0.654210531675672	0.170140439672656	0.0731359199413108	0.0917468616909161	-0.0199486022581859	0.0257414615525514	-0.0704018669011867	0.030504662384815	NPX
ZNF182	960.199959073578	36.5125382943596	14.2468003351659	17.5783071943405	0.423303400078458	0.640336075542413	0.468549701815668	0.00018240403141792	0.000551849484883028	0.0148373265386426	0.0183156155753934	-0.0210612799891286	0.0507359330664137	NPX
ZNF275	2778.98123629044	136.914306710272	151.400222015424	88.5533612747969	0.0964333890420866	0.244161133957623	0.190498959587715	0.0547403924328834	0.0705498920524888	0.0544804765279819	0.0319782516496009	-0.00819689670523575	0.1171578497612	NPX
ZNF280C	456.92463846666	27.5753100799455	5.85125350939767	15.1670485119981	0.702057679824162	0.832466545143443	0.31635868315144	0.00641106064414474	0.0116180134515719	0.0128057299099327	0.0332027590608644	-0.0522716778493615	0.0778831376692268	NPX
ZNF41	1052.48209499252	47.6537992603286	-2.80756129217385	21.5228430920239	0.896982604400409	0.944609999324324	0.530407352603826	2.87570240323819e-05	0.000119375088134422	-0.00266756204740358	0.0204499616585799	-0.0427494868982202	0.0374143628034131	NPX
ZNF449	190.373973641986	10.3942056038886	4.16969253411833	6.65447005304172	0.535106183116604	0.723487800422119	0.119942086626194	0.140118179496002	0.165636390993618	0.0219026396011451	0.034975176020822	-0.046648705399666	0.0904539846019563	NPX
ZNF630	180.990566163531	9.46118943135455	-4.96061522089828	5.72986357116518	0.39269677465249	0.617589200664929	0.162140619074385	0.0816157681782602	0.100819478337851	-0.0274081424576362	0.0316907588398833	-0.0895220297838075	0.0347057448685351	NPX
ZNF674	226.511213150486	12.3100483373019	-4.10785603035993	7.72672562710427	0.598430329117259	0.776871372708587	0.11392085434657	0.15056531665757	0.175659536100499	-0.0181353319035505	0.0341261254161127	-0.0850225377191315	0.0487518739120304	NPX
ZNF711	258.412185163336	30.6013357277934	-40.5065034420293	21.0682148194347	0.062935789590671	0.185274996020616	0.124676947618094	0.132294074271628	0.157784645726839	-0.156751522442435	0.0836159623013879	-0.320638808553155	0.00713576366828553	NPX
ZNF75D	574.011836512736	28.3670095286013	15.6533243026636	15.9828837013364	0.33430980471361	0.571045934367266	0.291066096282502	0.0103858197151015	0.0172452913408895	0.0272700374921908	0.0278767650082743	-0.0273684219240268	0.0819084969084085	NPX
ZNF81	658.231373679983	31.4636752230804	-22.574186666115	19.6873841530971	0.25953933612123	0.500840772947454	0.134901883833274	0.116536639233811	0.140079394634581	-0.0342952152825977	0.0299544110153614	-0.093005860872706	0.0244154303075106	NPX
ZRSR2	1066.98121884268	77.831672106308	448.713845560695	43.5443923438391	5.37786817868184e-12	1.59991578315785e-10	0.734353371748365	3.72861688087719e-09	5.78746185423111e-08	0.420545214514085	0.0510548704545562	0.320477668423155	0.520612760605016	NPX
ZXDB	665.902183956769	41.35661971465	79.640336764862	21.0963292159423	0.000613870615094603	0.0056192771689429	0.63463777904376	5.98356719249603e-07	4.35945609738997e-06	0.119597650651394	0.0325399140507632	0.0558194191118982	0.18337588219089	NPX
