2703_XX	3429_XXY	3442_XXY	6029_XX	7089B_XXY	7194A_XXY	7205B_XX	7246B_XX	7249B_XX	7271A_XX	7272A_XX	7273A_XX	7275A_XX	7304B_XXYY	7307A_XXY	7367A_XX_tri21	7368A_XX	7369A_XX_tri21	7370A_XX_tri21	7372A_XX_tri21	7389A_XX	7478A_XXYY
ABCB7	NA	NA	NA	NA	NA	NA	NA	NA	NA	NA	NA	NA	NA	NA	NA	NA	NA	NA	NA	NA	0.069884364002011	NA
ABCD1	NA	NA	NA	0	NA	0	0.141104294478528	NA	0.173425754246185	0.288348442628492	NA	0.0300046991473512	NA	NA	NA	NA	NA	NA	NA	NA	0	0.586776859504132
ACOT9	NA	NA	NA	NA	NA	0	0.236532077009972	NA	0.195656946689819	NA	NA	NA	NA	NA	NA	NA	NA	NA	NA	NA	0	0.0955719668631389
AIFM1	NA	NA	0.106703819046058	NA	NA	NA	NA	NA	0	NA	NA	0.00373599003735965	NA	NA	NA	NA	NA	NA	NA	NA	0	0.0301504117607028
AKAP17A	0.804247871992801	NA	NA	0.942196531791908	NA	NA	0.854314851315451	0.802712700369914	0.596774193548387	0.954513501219865	NA	0.773530211069843	0.909510352855185	NA	NA	0.848118158644474	NA	0.753973374295955	NA	NA	0.765374139277448	NA
ALG13	NA	NA	0.203314212874443	NA	NA	NA	NA	NA	NA	NA	NA	NA	NA	NA	NA	NA	NA	NA	NA	NA	NA	NA
AMMECR1	NA	NA	NA	NA	NA	NA	NA	NA	NA	0.0889978976874564	NA	NA	NA	NA	NA	NA	NA	NA	NA	NA	NA	NA
AP1S2	NA	NA	NA	NA	NA	NA	NA	NA	NA	NA	0.00527505651846269	NA	NA	NA	0.220289855072464	NA	NA	NA	NA	NA	NA	0.0167424479876905
APOO	NA	NA	NA	NA	NA	0	0	NA	NA	NA	NA	0.0122022080185938	NA	NA	NA	NA	NA	NA	NA	NA	0.0284005979073244	NA
APOOL	0.611111111111111	NA	0.872773536895675	0.459205355296065	0.460756722951845	0.0599073789561478	0.365176278098928	0.163217138707334	0.437120752237703	0.00751905158378336	0.600332922747978	0.529780564263323	0.450549450549451	0.636363636363636	0.638888888888889	NA	0.773529411764706	0.419529301108248	0.327354260089686	0.405710955710956	0.330067498083503	0.242299122023032
ARAF	NA	NA	NA	NA	NA	NA	NA	NA	0.231613611416027	NA	NA	NA	NA	NA	NA	NA	NA	NA	NA	NA	NA	NA
ARHGAP4	0.1015625	NA	0.0286117979512534	0	NA	0	0.00939103199662397	NA	NA	0	NA	NA	NA	NA	NA	NA	NA	NA	NA	NA	NA	0.0581833403097532
ARHGAP6	NA	NA	NA	NA	NA	7.40148683083438e-17	NA	NA	0.27536231884058	0.103252877377342	NA	NA	NA	NA	NA	NA	NA	NA	NA	NA	NA	NA
ARHGEF6	NA	NA	NA	NA	NA	NA	NA	NA	NA	0.000109878035380892	NA	NA	NA	NA	NA	NA	NA	NA	NA	NA	NA	NA
ARHGEF9	NA	0.173913043478261	NA	NA	NA	NA	NA	NA	NA	0.071667285555143	NA	NA	NA	NA	NA	NA	NA	NA	NA	NA	NA	NA
ARMCX2	NA	NA	NA	NA	NA	NA	NA	NA	NA	NA	NA	NA	NA	NA	NA	NA	NA	NA	NA	NA	NA	0.334516415261757
ARMCX3	NA	NA	0	0.043381535038932	NA	NA	0	NA	0	NA	0	0	NA	NA	NA	NA	NA	NA	NA	NA	0	0.331352154531946
ARMCX6	0.0851063829787234	NA	NA	0.00552486187845318	NA	NA	NA	NA	NA	NA	0.000587889476778364	0	NA	NA	NA	NA	NA	NA	NA	NA	0.0207050923335201	NA
ASMTL	0.756626755456247	NA	NA	0.53988950734871	NA	NA	0.783814348849797	0.749833222148099	0.768584214151463	NA	0.852785836582178	0.922178988326849	0.775785801579861	NA	NA	0.693877551020408	0.890230394328755	0.880581130143984	0.749582637729549	NA	NA	NA
ATG4A	NA	NA	0.112608610469434	0	NA	NA	0.0615131848269489	NA	NA	NA	NA	NA	NA	NA	NA	NA	NA	NA	NA	NA	NA	NA
ATP11C	NA	NA	NA	NA	NA	0	NA	NA	NA	NA	NA	NA	NA	NA	NA	NA	NA	NA	NA	NA	0	0
ATP6AP1	NA	NA	NA	0	NA	0	NA	NA	0.012164825807593	NA	0	NA	NA	NA	NA	NA	NA	NA	NA	NA	NA	NA
ATP6AP2	NA	NA	0.0883015775455843	0	NA	NA	NA	NA	NA	NA	NA	NA	NA	NA	NA	NA	NA	NA	NA	NA	NA	NA
ATP7A	NA	NA	0.145672365902358	NA	NA	NA	NA	NA	0.0563034791599984	0	NA	NA	NA	NA	NA	NA	NA	NA	NA	NA	NA	NA
ATRX	NA	NA	0.101181304571135	NA	0.4375	0	0.90108803165183	0.650959860383944	0.578059071729958	NA	NA	NA	NA	NA	NA	NA	NA	NA	NA	NA	NA	NA
BCAP31	NA	NA	NA	0	NA	NA	NA	NA	NA	NA	NA	0.247412982126058	NA	NA	NA	NA	NA	NA	NA	NA	NA	NA
BCOR	NA	NA	0.315068493150685	NA	NA	NA	0	NA	NA	NA	NA	NA	NA	NA	NA	NA	NA	NA	NA	NA	0	0.074708704592186
BEX2	NA	NA	0	0.166666666666666	NA	NA	NA	NA	0.226006191950464	NA	NA	NA	NA	NA	NA	NA	NA	NA	NA	NA	NA	0.0384615384615383
BEX4	NA	NA	NA	0.342995169082126	NA	NA	NA	NA	0	0	NA	0	NA	NA	NA	0.75	NA	NA	NA	NA	NA	NA
BRCC3	0.103448275862069	NA	NA	NA	NA	NA	NA	NA	0	0.0308903694730461	NA	0	NA	NA	NA	NA	NA	NA	NA	NA	NA	NA
BRWD3	NA	NA	NA	NA	NA	0.35483870967742	0.0731459389250471	NA	0	NA	NA	NA	NA	NA	NA	NA	NA	NA	NA	NA	0.176788124156545	0.169435215946844
BTK	NA	NA	0.280239297064872	0	NA	0	0.0548220656269466	NA	NA	0	NA	NA	NA	NA	NA	NA	NA	NA	NA	NA	0	0.190742701558009
C1GALT1C1	NA	NA	NA	NA	NA	0.0139451843273498	NA	0	NA	NA	0	0	NA	NA	NA	NA	NA	NA	NA	NA	0	0.0620490620490622
CA5B	0.428571428571429	NA	NA	NA	0.333333333333333	NA	0.254526091586795	0.808795411089866	NA	0.193548387096774	NA	0.401197604790419	0.25	NA	0.2	NA	NA	NA	NA	NA	NA	0.269311064718163
CCDC22	NA	NA	NA	NA	NA	NA	NA	0	NA	NA	NA	0	NA	NA	NA	NA	NA	NA	NA	NA	0	NA
CD99	0.473060344827586	NA	NA	0.456748521015825	NA	NA	NA	NA	0.0421951850893083	0.644184391555309	NA	0.412733260153678	0.889616743680348	NA	NA	0.754827235772358	0.523255813953488	0.116503737780333	0.310263653483992	NA	0.419755854939237	NA
CD99L2	0.112676056338028	NA	0.223416965352449	NA	NA	0	0	0.0974167444755677	NA	0	0	0	NA	NA	NA	NA	NA	NA	NA	NA	0	0.204800392046061
CDKL5	0.428571428571429	NA	NA	NA	NA	NA	NA	NA	NA	NA	NA	NA	NA	NA	NA	NA	NA	NA	NA	NA	NA	NA
CENPI	NA	NA	0.0462959979223218	NA	NA	0.114420062695925	NA	NA	0.00930924469121127	NA	NA	NA	NA	NA	NA	NA	NA	NA	NA	NA	0.0576078135848097	NA
CFP	0.193548387096774	NA	NA	NA	NA	0	NA	NA	0.204492278895648	NA	NA	NA	NA	NA	NA	NA	NA	NA	NA	NA	NA	NA
CHIC1	NA	NA	NA	NA	NA	0.0740740740740739	NA	NA	NA	NA	NA	NA	NA	NA	NA	NA	NA	NA	NA	NA	0.0706319702602233	NA
CHM	0.233333333333333	NA	0.763779527559056	0.0114068441064638	0.2	NA	NA	NA	0.137931034482758	0.361825644916615	NA	NA	0.708333333333333	NA	0.359788359788359	NA	NA	NA	NA	NA	0	NA
CHST7	0.166666666666667	NA	0	NA	NA	0.00990099009900973	NA	NA	NA	NA	NA	NA	NA	NA	NA	NA	NA	NA	NA	NA	NA	NA
CLIC2	NA	NA	NA	NA	NA	NA	NA	NA	0.148463532025176	NA	NA	0.27007299270073	NA	NA	NA	NA	NA	NA	NA	NA	0.423728393685475	NA
CSTF2	NA	NA	NA	NA	NA	NA	NA	NA	NA	0	NA	NA	NA	NA	NA	NA	NA	NA	NA	NA	NA	NA
CTPS2	NA	NA	NA	NA	NA	NA	NA	NA	NA	NA	NA	NA	NA	NA	NA	NA	NA	NA	NA	NA	NA	0
CUL4B	NA	NA	NA	NA	NA	NA	NA	NA	NA	0.0360557156025674	NA	NA	NA	NA	NA	NA	NA	NA	NA	NA	NA	NA
CXorf38	NA	NA	NA	0.011500908985567	NA	NA	0.102934468602707	NA	0.148936170212766	0	0.0230506032775076	0.0505630381982777	NA	NA	NA	0.233009708737864	NA	0.142857142857143	0.0636508323330629	NA	NA	0.179067828230232
CYBB	NA	NA	NA	0	NA	0.0502793296089386	NA	NA	NA	NA	NA	NA	NA	NA	NA	NA	NA	NA	NA	NA	NA	0
CYSLTR1	NA	NA	0.0909090909090914	NA	NA	NA	NA	NA	0	NA	NA	NA	NA	NA	NA	NA	NA	NA	NA	NA	NA	NA
DDX3X	0.375	NA	NA	0.640287769784172	0.52	NA	0.623115577889447	0.525787755274689	0.390556754196705	0.811676082862523	NA	0.644371105863609	0.812709590878605	NA	NA	0.502645502645502	0.555555555555556	NA	0.43110952732456	0.45453125912745	0.482769174267001	NA
DHRSX	NA	NA	NA	0.644854841161271	NA	NA	0.679435435650905	1	0.395770392749245	0.479248281387698	0.596583402705272	NA	0.804450549450549	NA	NA	0.675287356321839	0.71306161745828	NA	0.83985889413507	0.789047619047619	NA	NA
DIAPH2	NA	NA	NA	NA	NA	NA	NA	NA	NA	NA	NA	NA	NA	NA	NA	NA	NA	NA	NA	NA	NA	0.122366050856688
DKC1	NA	NA	0.0608317405918403	NA	NA	NA	NA	0	NA	NA	NA	0	NA	NA	NA	NA	NA	NA	NA	NA	NA	NA
DLG3	NA	NA	NA	NA	NA	NA	NA	NA	NA	NA	NA	0	NA	NA	NA	NA	NA	NA	NA	NA	0.00284900284900251	NA
DMD	NA	NA	0.523809523809524	NA	NA	NA	NA	0.00696605898918043	NA	NA	NA	NA	NA	NA	NA	NA	NA	NA	NA	NA	0	NA
DNASE1L1	NA	NA	NA	NA	NA	0	NA	NA	0.0089901746182507	0	0	NA	NA	NA	NA	0.125	NA	NA	NA	NA	NA	NA
DOCK11	NA	NA	0.137756940512158	0	NA	0	NA	0	0.0562166598276566	NA	0.0065462621420155	NA	NA	NA	NA	0.103448275862069	NA	NA	NA	NA	0	0.113591595535128
DYNLT3	NA	NA	0.0453966907085276	0	NA	0	NA	NA	0.105545617173524	NA	NA	0.174356483729966	NA	NA	NA	NA	NA	NA	NA	NA	0	0
EDA2R	NA	NA	NA	NA	NA	0	NA	NA	NA	NA	NA	NA	NA	NA	NA	NA	NA	NA	NA	NA	NA	NA
EIF1AX	0.620409982174688	0.471287504110269	0.320149100831192	0.274806907111643	NA	NA	0.510756425021266	0.553160714743319	0.219966684671805	NA	NA	0.186232657417289	0.396107070525675	NA	0.419510320597277	0.513071895424837	NA	NA	0.403300745537744	0.502527493321643	NA	0.446509761720561
EIF2S3	NA	NA	NA	0.208299629478069	NA	NA	0.0666673301960627	NA	NA	0.0776257979210319	0.166491777487623	NA	NA	NA	NA	0.483294930875576	NA	0.277168179203936	0.173121860888394	NA	0.442956597992759	0.345908122908427
ELF4	NA	NA	0.0533061462277894	NA	NA	0	NA	0	0	0	0	0.0295031055900622	NA	NA	NA	NA	NA	NA	NA	NA	0.000285609507103254	NA
ERCC6L	NA	NA	NA	NA	NA	NA	0.0462215700660311	NA	NA	NA	NA	0.000164392569455632	NA	NA	NA	NA	NA	NA	NA	NA	NA	NA
F8	NA	NA	NA	NA	NA	NA	NA	NA	NA	NA	NA	0.0931574608408901	NA	NA	NA	NA	NA	NA	NA	NA	NA	NA
FAAH2	NA	NA	0.469964664310954	NA	NA	NA	NA	NA	0.336407377706496	NA	NA	NA	NA	NA	NA	NA	NA	NA	NA	NA	0.0218351634481886	0.0617280922340536
FAM104B	NA	NA	NA	NA	NA	NA	NA	NA	0.0272373540856033	NA	NA	NA	NA	NA	NA	NA	NA	NA	NA	NA	NA	0
FAM199X	NA	NA	0.25575101488498	NA	NA	0.011627906976744	0.0407673860911275	NA	0	NA	NA	0	NA	NA	NA	NA	NA	NA	NA	NA	0	NA
FAM3A	NA	NA	0.0725675235925804	NA	NA	NA	NA	0.0656754562803579	NA	NA	NA	NA	NA	NA	NA	NA	NA	NA	NA	NA	NA	NA
FAM50A	NA	NA	NA	0.0131578947368419	NA	0	NA	NA	0	NA	NA	NA	NA	NA	NA	NA	NA	NA	NA	NA	NA	NA
FANCB	NA	NA	0	NA	NA	NA	NA	NA	NA	NA	NA	NA	NA	NA	NA	NA	NA	NA	NA	NA	NA	0.14004914004914
FHL1	0.2	NA	NA	NA	NA	NA	NA	NA	0.328859060402685	NA	NA	NA	NA	NA	NA	NA	NA	NA	NA	NA	NA	NA
FLNA	NA	NA	NA	0	NA	0	NA	0.365079365079366	0	NA	0	NA	NA	NA	NA	NA	NA	NA	NA	NA	NA	0.0387833265161937
FMR1	NA	NA	0.224819466785311	NA	NA	0	0.117759877253548	0	NA	NA	NA	0	NA	NA	NA	NA	NA	NA	NA	NA	0	NA
FTX	NA	NA	NA	NA	NA	NA	NA	NA	0.137931034482758	NA	NA	NA	NA	NA	NA	NA	NA	NA	NA	NA	NA	NA
FUNDC1	NA	NA	NA	NA	NA	0	NA	NA	NA	NA	NA	0.313786650031191	NA	NA	NA	NA	NA	NA	NA	0.303370786516854	NA	NA
G6PD	NA	NA	NA	NA	NA	NA	NA	0.0211810012836971	NA	NA	NA	NA	NA	NA	NA	NA	NA	NA	NA	NA	NA	NA
GDI1	NA	NA	NA	0	NA	0	NA	NA	0.0515005557613934	NA	0	NA	NA	NA	NA	NA	NA	NA	NA	NA	NA	NA
GEMIN8	NA	0.169491525423729	1	NA	NA	NA	NA	0.206833435021355	0.736842105263158	0.0245437382001255	NA	0.0371389270976616	0.2	0.307692307692308	0.0943396226415094	NA	NA	NA	NA	NA	NA	NA
GK	NA	NA	0.124630150826297	NA	NA	0.0195095062531628	0.0872749346240045	NA	NA	NA	NA	NA	NA	NA	NA	NA	NA	NA	NA	NA	NA	NA
GLA	NA	NA	NA	0.0581121934833723	NA	NA	NA	NA	NA	0.0391722099039172	NA	NA	NA	NA	NA	NA	NA	NA	NA	NA	NA	NA
GNL3L	NA	NA	NA	NA	NA	1	NA	NA	NA	NA	NA	NA	NA	NA	NA	NA	NA	NA	NA	NA	NA	NA
GPKOW	NA	NA	NA	NA	NA	NA	NA	NA	NA	NA	NA	0	NA	NA	NA	NA	NA	NA	NA	NA	NA	NA
GPR174	NA	NA	0.0756538215179605	0	0.103448275862069	0.0243902439024394	0.0573234950312483	NA	0.596774193548387	0.11932890841282	0.0418118466898954	0.15695415081507	NA	NA	NA	NA	0.142857142857143	NA	0.0505266509779891	NA	0	0
GRIPAP1	NA	NA	0.0520758339332858	NA	NA	NA	0	0.00166389351081534	0.0838375108038031	NA	NA	NA	NA	NA	NA	NA	NA	NA	NA	NA	0.00195694716242685	0.0263459335624279
GSPT2	NA	NA	NA	NA	NA	NA	NA	NA	NA	NA	NA	NA	NA	NA	NA	NA	NA	NA	NA	NA	0.032258064516129	NA
GTPBP6	NA	NA	NA	0.872315194637045	NA	NA	0.816931024219675	0.894200250072136	0.639496416565651	0.847806212806062	NA	0.91995197118271	NA	NA	NA	NA	0.869047619047619	0.803571428571428	0.927007299270073	0.771612903225807	0.727107337780473	NA
HCCS	NA	NA	NA	NA	NA	NA	NA	NA	NA	NA	NA	NA	NA	NA	NA	NA	NA	NA	NA	NA	0.00816802800466707	NA
HCFC1	NA	NA	NA	NA	0.135642414860681	0	0.00798211259414516	NA	NA	NA	0.00439439714364185	NA	NA	NA	NA	0.239130434782609	NA	NA	0	NA	0.0350638760532748	NA
HDAC8	0.181818181818182	NA	NA	0.0769230769230769	NA	0	0.0163934426229509	NA	NA	NA	NA	NA	NA	NA	NA	NA	NA	NA	NA	NA	NA	NA
HDX	NA	NA	NA	NA	NA	NA	NA	NA	NA	NA	NA	NA	NA	NA	NA	NA	NA	NA	0.166666666666667	NA	NA	0.099836333878887
HMGB3	NA	NA	0	0	NA	0.102564102564103	0.0163788897491713	NA	0.248509976677896	NA	NA	0.0245805696449477	NA	NA	NA	NA	NA	NA	0	NA	0.122807017543859	NA
HNRNPH2	NA	NA	NA	NA	NA	NA	0.014261744966443	NA	NA	0	NA	NA	NA	NA	NA	NA	NA	NA	NA	NA	0	NA
HTATSF1	NA	NA	NA	NA	NA	0	NA	NA	0	0	0	NA	NA	NA	NA	NA	NA	NA	NA	NA	NA	NA
HUWE1	NA	NA	0.0105263157894731	0.00552486187845318	NA	0	0	NA	0	NA	NA	NA	NA	NA	NA	NA	NA	NA	NA	NA	0.0163012928611575	NA
IDH3G	NA	NA	NA	NA	NA	NA	NA	NA	NA	NA	NA	NA	NA	NA	NA	NA	NA	NA	NA	NA	NA	0.169435215946844
IDS	NA	NA	NA	0	NA	0	NA	NA	0.0538365649244625	NA	0	0	NA	NA	NA	NA	NA	NA	NA	NA	NA	NA
IL3RA	0.653543307086614	NA	NA	0.792387543252595	NA	NA	0.408982605682693	0.674394363202795	0.324555424939915	NA	NA	0.820466786355475	0.6	NA	NA	0.638998682476944	NA	0.671674491392801	NA	0.535714285714286	0.936521371138383	NA
IRAK1	NA	NA	NA	NA	NA	0	0.0170333403623281	NA	NA	NA	NA	NA	NA	NA	NA	NA	NA	NA	NA	NA	NA	NA
ITM2A	NA	NA	0.0358126721763081	0.0963855421686744	NA	0.23841334104492	0.183982501892825	NA	0	0.0880342628242522	NA	NA	NA	NA	NA	NA	NA	NA	NA	NA	0.0553954530899775	0.00666879131778924
JPX	0.254629629629629	NA	NA	NA	NA	NA	NA	NA	NA	NA	NA	0.152078774617068	NA	NA	NA	0.545454545454545	0.6	NA	0.6	NA	NA	NA
KDM5C	NA	NA	NA	NA	NA	NA	NA	NA	NA	NA	NA	NA	NA	NA	0.511050724637682	NA	NA	NA	NA	NA	0.674463467566916	NA
KDM6A	NA	NA	0.466950959488273	0.956989247311828	NA	1	NA	NA	0.799139167862267	0.545867393278838	NA	NA	0.735446792732666	NA	NA	0.945945945945946	0.757575757575758	0.774193548387097	NA	NA	NA	0.85941893158388
KIF4A	NA	NA	NA	NA	NA	NA	NA	NA	NA	NA	0	NA	NA	NA	NA	NA	NA	NA	0.00321543408360103	NA	NA	NA
KLHL15	NA	NA	NA	0.615384615384615	NA	0.0298507462686571	0	NA	NA	0.145133317720029	NA	NA	NA	NA	NA	NA	NA	NA	NA	NA	0.0909090909090914	NA
LAGE3	NA	NA	NA	NA	NA	NA	NA	0.110118479149049	NA	NA	NA	NA	NA	NA	NA	NA	NA	NA	NA	NA	NA	NA
LAMP2	NA	NA	NA	NA	NA	NA	0	0.00187117322156818	0.0987224157955863	0.00161935231068241	0.907178217821782	NA	NA	NA	NA	NA	NA	NA	NA	NA	0	0.0987032727453653
LAS1L	NA	NA	NA	NA	NA	NA	NA	NA	NA	0	NA	NA	NA	NA	NA	NA	NA	NA	NA	NA	NA	NA
MAGED1	NA	NA	0.249249249249249	0	NA	NA	0.0333080443454638	0.0331087020216818	NA	NA	NA	NA	NA	NA	NA	NA	NA	NA	NA	NA	NA	NA
MAGED2	NA	NA	0.0727581877862604	0.00135315531768801	NA	NA	0	NA	0.0178001232191473	0.0308086154635764	NA	NA	NA	NA	NA	NA	NA	NA	NA	NA	NA	NA
MAGEH1	NA	NA	NA	NA	NA	0.0401146131805164	0.0348586351765643	0.0112239444147515	0	NA	NA	NA	NA	NA	NA	NA	NA	NA	NA	NA	0	0.114791547687036
MAP7D2	0.272727272727273	0.131578947368421	NA	NA	NA	NA	NA	NA	NA	NA	NA	NA	NA	NA	0.135135135135135	0.446808510638298	NA	NA	NA	0.156862745098039	NA	0.402390438247011
MAP7D3	NA	NA	0.156476752939522	NA	NA	0.0306521923142036	NA	NA	0.0754202554170899	NA	NA	NA	NA	NA	NA	NA	NA	NA	0	NA	0	0.237764764184654
MBNL3	NA	NA	NA	0	NA	NA	0.0764684152198011	NA	NA	0.0655107877357433	NA	NA	NA	NA	NA	NA	NA	NA	NA	NA	0	0.0873200700867208
MBTPS2	0.111111111111111	NA	0	NA	NA	NA	NA	0.0150265062911155	NA	0	NA	0	NA	NA	NA	NA	NA	NA	0.0721649484536085	NA	0.010840460654587	0
MECP2	NA	NA	NA	NA	NA	NA	0.00373599003735987	NA	0	NA	NA	NA	NA	NA	NA	NA	NA	NA	NA	NA	NA	NA
MED12	NA	NA	NA	NA	NA	0	NA	0.0249187432286024	NA	0	NA	NA	NA	NA	NA	NA	NA	NA	NA	NA	NA	NA
MED14	NA	NA	NA	NA	NA	NA	0.0548204158790174	NA	0.114497528830313	0	NA	0.019607843137255	NA	0.132075471698113	NA	NA	NA	NA	0.069926337141027	NA	NA	NA
MID1IP1	NA	NA	NA	NA	NA	NA	NA	NA	NA	NA	NA	NA	NA	NA	NA	NA	NA	NA	NA	NA	NA	0.106078665077473
MMGT1	NA	NA	NA	NA	NA	NA	NA	NA	NA	0	NA	NA	NA	NA	NA	NA	NA	NA	NA	NA	0	NA
MORF4L2	NA	NA	NA	NA	NA	0	0.0558545839583522	NA	NA	NA	0	0	NA	NA	NA	NA	NA	NA	NA	NA	NA	0.0917146654851574
MOSPD1	NA	NA	NA	NA	NA	NA	0.0605703038061687	0.0778327829092544	NA	NA	NA	0.00695134061569055	NA	NA	NA	NA	NA	NA	NA	NA	NA	NA
MOSPD2	NA	NA	NA	0.0163934426229505	NA	0	NA	NA	NA	NA	NA	NA	NA	NA	NA	NA	NA	NA	NA	NA	NA	NA
MPP1	NA	NA	NA	NA	NA	NA	0.0270838811464634	0	0	NA	NA	NA	NA	NA	NA	NA	NA	NA	NA	NA	NA	NA
MSL3	NA	NA	0.341550790066225	NA	0.9	0.338235294117647	0.0639625585023407	NA	NA	NA	NA	NA	0.340579710144927	0.472114764667956	0.667722595063256	NA	0.454721901597609	NA	0.411764705882353	NA	0.25903771554557	NA
MTMR1	NA	NA	0.183501110040541	0	NA	NA	0	0	NA	0.0211810012836967	NA	0	NA	NA	NA	NA	NA	NA	NA	NA	0	0.101220474831502
NAA10	NA	NA	NA	NA	NA	NA	NA	NA	NA	NA	NA	NA	NA	NA	NA	NA	NA	NA	0.101796407185629	0.230769230769231	NA	NA
NONO	NA	NA	NA	NA	NA	NA	NA	NA	NA	NA	NA	0	NA	NA	NA	NA	NA	NA	NA	NA	NA	NA
NSDHL	NA	NA	NA	NA	NA	NA	NA	0	NA	NA	NA	NA	NA	NA	NA	NA	NA	NA	NA	NA	NA	NA
NXT2	NA	NA	0.101796407185628	0	NA	0	0.0648854961832058	0	NA	0	NA	NA	NA	NA	NA	NA	NA	NA	NA	NA	0	NA
OCRL	NA	NA	NA	NA	NA	NA	NA	NA	NA	0.0533398132838069	NA	NA	NA	NA	NA	NA	NA	NA	NA	NA	NA	NA
OTUD5	NA	NA	NA	0	NA	NA	NA	NA	0	NA	NA	NA	NA	NA	NA	NA	NA	NA	NA	NA	NA	NA
P2RY10	0.120401337792642	NA	0.274283587644213	0.0769230769230769	0.168443496801706	0	NA	NA	NA	0.0916726309639279	NA	NA	NA	0.146341463414634	NA	NA	0.301324503311258	NA	0.0327936903279364	0.151020408163265	0.0431125131440586	0.0677885075054979
P2RY8	0.819592750434077	NA	NA	0.845178713909635	NA	NA	0.801195682699485	1	NA	0.746008278419994	0.712217977302439	NA	0.821107574327913	NA	NA	0.648563218390805	0.90543939732871	0.779469407052569	0.721077587548124	0.891995221027479	0.754859417732718	NA
PDHA1	NA	NA	NA	NA	NA	NA	NA	NA	0.0883660436810203	NA	NA	NA	NA	NA	NA	NA	NA	NA	NA	NA	NA	NA
PDK3	NA	NA	0.306906017616412	0.0434235709995798	NA	0	0.174701354313583	0.0331087020216818	0.159017787345657	NA	NA	NA	NA	NA	NA	0.133689839572192	NA	NA	0	NA	0	NA
PGK1	NA	NA	0.0445054413722819	NA	NA	NA	NA	NA	0	0	NA	NA	NA	NA	NA	NA	NA	NA	0.0459363957597173	NA	NA	NA
PGRMC1	NA	NA	0	NA	NA	NA	NA	NA	0	NA	NA	NA	NA	NA	NA	NA	NA	NA	NA	NA	NA	NA
PHF6	NA	NA	NA	NA	NA	NA	NA	NA	0.0665923655614376	NA	NA	NA	NA	NA	NA	NA	NA	NA	NA	NA	0	0
PHF8	NA	NA	NA	NA	NA	NA	NA	0.10802775024777	0.0639804026048363	NA	NA	NA	NA	NA	NA	NA	NA	NA	NA	NA	NA	0
PIGA	NA	NA	NA	0.101123595505618	NA	NA	NA	0.0170174368359514	NA	0.215915936014993	NA	0.187817258883249	NA	NA	NA	NA	NA	NA	NA	NA	NA	NA
PIN4	NA	NA	NA	0	NA	NA	NA	NA	NA	NA	NA	NA	NA	NA	NA	NA	NA	NA	NA	NA	0	NA
PIR	NA	NA	NA	NA	NA	NA	NA	NA	0.132446500867554	0	NA	0.0245677555789254	NA	NA	NA	NA	NA	NA	0	NA	0.0493512689230978	0.16581545795029
PJA1	NA	NA	NA	0.0550009786651006	NA	NA	0	NA	0.342105263157894	0.00550763801509833	NA	0	NA	NA	NA	NA	NA	NA	0	NA	NA	NA
PLCXD1	0.521739130434783	NA	NA	0.612702952085892	NA	NA	0	0.895068205666317	0.349844792285846	0.156958920907419	0.702352931277298	0.0885063330805197	0.469919002566062	NA	NA	0.398502304147465	0.372923588039867	0.380555555555556	0.394859092418138	0.585128569338152	0.685894753367164	NA
PLP2	NA	NA	0.1005291005291	NA	NA	NA	NA	0.00648311863265136	NA	NA	NA	NA	NA	NA	NA	NA	NA	NA	NA	NA	0	NA
PLXNA3	0.148148148148148	NA	NA	NA	NA	NA	NA	NA	NA	NA	NA	NA	NA	NA	NA	NA	NA	NA	NA	NA	NA	NA
PNPLA4	1	NA	1	NA	0.633333333333333	0.772727272727272	NA	NA	0.310141509433962	1	NA	1	0.5	0.636363636363636	0.666666666666667	NA	0.857142857142857	0.643097643097643	0.431578947368422	NA	NA	NA
POLA1	NA	NA	NA	0.0413223140495865	NA	NA	NA	NA	0	0	NA	NA	NA	NA	NA	NA	NA	NA	NA	NA	NA	NA
PRKX	0.737470333659082	0.488809523809524	0.297259829078973	0.731117500904915	0.602665277970841	0.428057672354842	NA	0.762219588732261	0.265822271566265	0.68243007061868	0.592633597657885	0.700149284650982	0.930354412407165	0.684297992208179	0.6	0.633802816901408	0.414835164835165	0.628429089026915	0.402336259387439	0.787766678998644	0.462092137817152	NA
PRPS2	NA	NA	0.0447400241837966	0	NA	0.00651465798045633	0	0	0	NA	NA	0.00142653352353782	NA	NA	NA	NA	NA	NA	0	NA	0	NA
PUDP	NA	NA	0.675795995910084	NA	0.71330172909849	0.770189871000398	0.784018603330849	0.749506633081717	0.708537489439834	0.516634115038247	0.671925106428331	0.678070321631581	0.564102564102564	0.685073496757526	0.796175148687503	0.758439272865643	0.792128835525062	0.663671133897085	NA	0.744748274399041	0.777643220592526	0.90678823805905
RAB39B	NA	NA	NA	0.0144927536231879	NA	NA	NA	NA	0.38347718865598	0	NA	0	NA	NA	NA	NA	NA	NA	NA	NA	0.236298292902066	NA
RAP2C	NA	NA	0.0669320726548888	NA	NA	NA	NA	NA	NA	0	NA	0	NA	NA	NA	NA	NA	NA	NA	NA	0.0539593552908195	0.0317360328628084
RBBP7	0.371648163359451	0.296339203555431	0.371076707675768	0.276341654885764	NA	0.151572085017378	0.164660547903899	NA	0.0421951850893083	0	NA	0.115258984122185	NA	NA	0.191919962964413	0.492310184453937	NA	0.326441335710071	0.238526900425521	NA	0.204363398489409	0.305650596553237
RBM3	NA	NA	0.164535097751144	NA	NA	0	0.0473447048414642	NA	NA	NA	NA	0	NA	NA	NA	NA	NA	NA	0.0212765957446807	NA	0	0.0892926422794905
RBM41	NA	NA	NA	NA	NA	NA	0	NA	0.108096492573088	0.0327244430150532	NA	0.0922444183313748	NA	NA	NA	0.15	NA	NA	NA	NA	0.032258064516129	0
RBMX2	NA	NA	NA	NA	NA	NA	NA	NA	NA	0	NA	NA	NA	NA	NA	NA	NA	NA	NA	NA	NA	NA
RLIM	NA	NA	0	NA	NA	NA	NA	NA	NA	NA	NA	0	NA	NA	NA	0.142164179104477	NA	NA	NA	NA	0.0812092471843504	NA
RNF113A	NA	NA	NA	NA	NA	NA	NA	NA	NA	NA	0	NA	NA	NA	NA	NA	NA	NA	NA	NA	NA	NA
RP2	NA	NA	NA	NA	NA	NA	0.0321331784746418	NA	NA	NA	NA	NA	NA	NA	NA	NA	NA	NA	NA	NA	0.0545650999459747	NA
RPGR	NA	NA	0.0566037735849059	NA	NA	NA	0	NA	NA	NA	NA	NA	NA	NA	NA	NA	NA	NA	NA	NA	0.0483535644825967	NA
RPL10	NA	NA	NA	0.109157784351473	NA	0.121857852932744	NA	NA	0.0115920891287441	NA	0.051556420233463	NA	NA	NA	NA	NA	NA	NA	NA	NA	NA	NA
RPL36A	NA	NA	0.402390438247011	NA	NA	NA	NA	NA	0.21259842519685	NA	NA	NA	NA	NA	NA	NA	NA	NA	NA	NA	NA	NA
RPL39	NA	NA	NA	NA	NA	NA	NA	NA	NA	0.170860639414895	NA	NA	NA	NA	NA	NA	NA	NA	NA	NA	NA	NA
RPS4X	0.767242533815455	NA	NA	0.657329789409119	NA	0.54788476511809	0.693386623679859	NA	0.498920642650648	NA	NA	0.775455343510871	0.684771466090566	0.710390448531784	0.679722706873548	0.545454545454545	0.680851063829787	NA	NA	NA	0.331352154531946	NA
RPS6KA3	0.136556270737892	NA	0.0106412294053343	0	NA	NA	0.0375774278418763	0.00325917895064394	0.0273529085126723	NA	NA	NA	NA	NA	NA	NA	NA	NA	NA	NA	NA	0.025958205348974
RRAGB	NA	NA	NA	NA	NA	0.0243902439024394	0	NA	0.153976311336718	NA	NA	NA	NA	NA	NA	NA	NA	NA	NA	NA	NA	0.35064935064935
SASH3	NA	NA	0.0874379534173349	0	NA	0	NA	NA	NA	0	NA	NA	NA	NA	NA	NA	NA	NA	NA	NA	0	NA
SAT1	NA	NA	NA	NA	NA	NA	0.169811320754717	NA	NA	0.191951624123722	0	0.0712884238064092	NA	NA	NA	NA	NA	NA	NA	NA	NA	0.0784564972856651
SH3BGRL	NA	NA	0	NA	NA	0	0.0597281967337925	0	0.0240240240240243	NA	0	0.0254792870052094	NA	NA	NA	NA	NA	NA	0	NA	0	0.0659573181790698
SLC10A3	NA	NA	0	NA	NA	NA	NA	NA	0	NA	NA	NA	NA	NA	NA	NA	NA	NA	NA	NA	0.0500863557858379	NA
SLC25A43	0.133298319327731	NA	NA	NA	NA	NA	NA	0.0984222389181065	NA	NA	0	NA	NA	NA	NA	NA	NA	NA	0	NA	0.0335268318771726	0
SLC25A5	NA	NA	NA	NA	NA	NA	NA	NA	0	NA	0	NA	NA	NA	NA	NA	NA	NA	NA	NA	NA	NA
SLC25A6	NA	NA	NA	0.601021656250266	NA	NA	NA	0.772874244885728	0.862005519779209	0.776138288139223	NA	0.82670521621754	NA	NA	NA	0.90684133915575	NA	NA	NA	0.876140808344198	0.949511948838775	NA
SLC35A2	NA	NA	NA	NA	NA	0.0856031128404675	NA	NA	NA	NA	NA	NA	NA	NA	NA	NA	NA	NA	NA	NA	NA	NA
SLC38A5	NA	NA	NA	0	NA	NA	NA	NA	NA	0	NA	NA	NA	NA	NA	NA	NA	NA	NA	NA	NA	NA
SLC6A8	NA	NA	NA	NA	NA	NA	NA	NA	NA	0.574468085106383	NA	NA	NA	NA	NA	NA	NA	NA	NA	NA	NA	NA
SLC9A6	NA	NA	NA	NA	NA	NA	NA	NA	NA	0.0121761822977907	NA	NA	NA	NA	NA	NA	NA	NA	NA	NA	0.0471535632825956	NA
SLC9A7	0.0957446808510638	NA	0.0128938464656945	NA	NA	0	NA	0.00100815690587489	0.0159278747681222	NA	NA	NA	NA	NA	NA	NA	NA	NA	NA	NA	NA	NA
SMC1A	NA	NA	0.220103986135181	0.576580282462635	0.560606060606061	0	0.261660363767334	NA	NA	NA	NA	NA	0.365671641791045	NA	NA	0.5	NA	NA	0.240374609781477	0.285714285714286	0.645826917154296	NA
SMS	NA	NA	NA	NA	NA	0	NA	NA	NA	NA	NA	0	NA	NA	NA	0.142857142857143	NA	NA	NA	NA	NA	0
SNX12	0.101503759398496	NA	NA	NA	NA	0.0436746987951804	NA	NA	0.0165701198976157	NA	NA	NA	NA	NA	NA	NA	NA	NA	NA	NA	0	0
SOWAHD	0.19047619047619	NA	NA	NA	NA	NA	0.020897906926484	0.10802775024777	NA	0.0869467193529183	NA	0.023820896147468	NA	NA	NA	NA	NA	NA	NA	NA	0.347477912028728	NA
SPIN3	0.2	NA	NA	NA	NA	NA	NA	NA	0.330744091910978	NA	NA	NA	NA	NA	NA	NA	NA	NA	NA	NA	0.0444309190505174	0.142990974851618
SSR4	NA	NA	NA	NA	NA	NA	0.576271186440678	NA	NA	NA	NA	NA	NA	NA	NA	NA	NA	NA	NA	NA	NA	0.099836333878887
STK26	NA	0.176470588235294	0	0.0704647676161916	NA	NA	0.193047796399752	NA	NA	0.114024346322841	0.295774647887324	0	NA	NA	0.1171875	NA	NA	NA	NA	NA	NA	NA
STS	NA	0.432098765432099	NA	NA	0.383549783549784	0.256917631917632	0.817444219066937	NA	0.906803355079217	NA	NA	0.324616751326849	NA	0.713793103448276	0.893121693121693	0.388888888888889	0.5375	0.341818181818182	0.75609756097561	0.952380952380952	NA	0.423348506875946
SUV39H1	NA	NA	0.032258064516129	NA	NA	NA	0.189765458422175	NA	NA	NA	NA	0.000117633219621673	NA	NA	NA	NA	NA	NA	NA	NA	NA	NA
SYAP1	0.666666666666667	0.666666666666667	NA	NA	NA	NA	NA	NA	0.415204678362572	NA	NA	0.21101940827367	NA	NA	NA	NA	0.187753036437247	NA	NA	NA	NA	NA
TAB3	NA	NA	0.257455531575189	NA	NA	NA	NA	NA	NA	0.0178404611101768	0.00521852576647093	0.0135936846843951	NA	NA	NA	NA	NA	NA	NA	0.274074074074074	NA	0
TAF9B	NA	NA	NA	NA	NA	NA	NA	NA	0	0	0.0288404944084755	NA	NA	NA	NA	NA	NA	NA	NA	NA	NA	NA
TBC1D25	NA	NA	0.0071559330482314	0	NA	0.0121951219512197	NA	NA	NA	NA	0.0298507462686566	0	NA	NA	NA	NA	NA	NA	NA	NA	NA	0.0098609512551716
TBC1D8B	NA	NA	NA	NA	NA	NA	0.234303215926493	NA	NA	NA	NA	NA	NA	NA	NA	NA	NA	NA	NA	NA	NA	NA
TBL1X	NA	NA	0.343043292008465	0.0355790587847302	NA	0	0.0458901725757278	0.0832495696358164	0	0	0.141221374045802	NA	NA	NA	NA	NA	NA	NA	0	NA	0.0026417218829843	0
TCEAL4	NA	NA	NA	NA	NA	0	0	NA	0.0804502907096619	NA	0	NA	NA	NA	NA	NA	NA	NA	NA	NA	NA	0.0288453591205886
TCEANC	NA	NA	0.256464727858765	NA	0.266666666666667	NA	NA	NA	0.184339314845024	NA	NA	NA	NA	NA	NA	0.272727272727273	NA	NA	NA	NA	0.0945674044265596	0.509593228704892
TFE3	NA	NA	NA	NA	NA	NA	0.00483366505544542	0	NA	NA	NA	0	NA	NA	NA	NA	NA	NA	NA	NA	NA	0.054197662061637
THOC2	NA	NA	NA	NA	NA	0.285714285714286	NA	NA	0.107461620849697	NA	NA	NA	NA	NA	NA	NA	NA	0.411764705882353	NA	NA	NA	0.763779527559056
TIMM17B	NA	NA	0.0452650964427646	NA	NA	NA	0.110007244127083	0.0226633181034222	0.0206185567010305	NA	NA	NA	NA	NA	NA	NA	NA	NA	NA	NA	0	0
TIMP1	0.123182527301092	NA	NA	NA	NA	NA	0.246231155778895	NA	0	NA	NA	NA	NA	NA	NA	NA	NA	NA	NA	NA	0	NA
TLR7	NA	NA	NA	NA	NA	0	NA	NA	0.0449861774315159	0	NA	NA	0.346560846560847	NA	NA	0.179219260919143	NA	NA	NA	0.143939393939394	0	NA
TMEM164	NA	NA	NA	NA	NA	NA	NA	NA	NA	NA	NA	NA	NA	NA	NA	NA	NA	NA	NA	NA	0.0539593552908195	NA
TMEM187	NA	NA	NA	NA	NA	0	NA	NA	NA	NA	NA	NA	NA	NA	NA	NA	NA	NA	0	NA	NA	NA
TMSB15B	NA	NA	0.500246515171888	NA	NA	0.0625000000000004	0.215686274509805	NA	0.391029574180881	0.04225352112676	NA	NA	NA	NA	NA	NA	NA	NA	NA	NA	NA	0.0566037735849059
TMSB4X	0.107317073170732	NA	0.081714133617248	NA	NA	0.0194068829320345	0	0.233005699152668	0.143810652156791	0.021669562037122	0	NA	NA	0.0950226244343891	0.236484045755569	NA	0.304347826086957	NA	NA	0.391891891891892	0.108910891089109	0.199465423893733
TRAPPC2	NA	0.166666666666667	NA	NA	0.31030981130682	0	0.411251171109786	0.0925589836660621	0.0603213094877236	0	0.00673400673400664	0	0.146562261268144	NA	NA	0.615384615384615	0.236363636363636	NA	0.156403470540396	0.614961013645224	NA	0.402390438247011
TRMT2B	NA	NA	0	NA	NA	7.40148683083438e-17	NA	0.126637554585153	0.0306946688206781	NA	NA	NA	NA	NA	NA	NA	NA	NA	NA	NA	0.016641452344932	NA
TSPYL2	NA	NA	NA	NA	NA	NA	0.0449438202247191	NA	NA	NA	NA	NA	NA	NA	NA	NA	NA	NA	NA	NA	NA	NA
TXLNG	NA	NA	NA	NA	NA	NA	NA	NA	NA	NA	0.274406332453826	NA	NA	NA	NA	NA	NA	NA	NA	NA	0.10699919549477	NA
UBA1	NA	NA	NA	0.175572519083969	NA	NA	0.259955362386937	NA	0.21259842519685	NA	NA	NA	NA	0.229299363057325	NA	NA	NA	NA	NA	NA	NA	1
UBE2A	NA	NA	NA	NA	NA	NA	NA	NA	0.0357345433919458	NA	NA	NA	NA	NA	NA	NA	NA	NA	NA	NA	NA	NA
UBL4A	NA	NA	NA	NA	NA	NA	NA	0	NA	NA	NA	NA	NA	NA	NA	NA	NA	NA	NA	NA	NA	NA
UBQLN2	NA	NA	NA	NA	NA	NA	NA	NA	0.095517344200378	NA	NA	NA	NA	NA	NA	NA	NA	NA	NA	NA	NA	NA
UPF3B	NA	NA	NA	NA	NA	NA	NA	NA	NA	0	NA	NA	NA	NA	NA	NA	NA	NA	NA	NA	NA	NA
UPRT	NA	NA	NA	NA	NA	NA	NA	0.0194643641153228	NA	0	NA	NA	NA	NA	NA	NA	NA	NA	NA	NA	NA	NA
USP11	NA	NA	NA	NA	NA	NA	NA	NA	NA	NA	NA	NA	NA	NA	NA	NA	NA	NA	NA	NA	NA	0.12751677852349
USP9X	NA	NA	NA	0.00452488687782777	0.149659863945578	0.298780487804878	0	0.120945741133676	NA	NA	0.0529862886358354	NA	NA	NA	NA	NA	NA	NA	NA	NA	NA	NA
UTP14A	NA	NA	NA	NA	NA	NA	NA	0.0886075949367093	0.0202482037883738	NA	NA	0.0141448778396914	NA	NA	NA	NA	NA	NA	NA	NA	NA	NA
VAMP7	NA	NA	NA	0	NA	NA	NA	NA	NA	NA	0	NA	NA	NA	NA	NA	NA	NA	NA	NA	0	NA
VBP1	NA	NA	0.157883298924264	NA	NA	NA	NA	NA	0.0482422223544109	0	0	0	NA	NA	NA	NA	NA	NA	NA	NA	0	NA
VMA21	NA	NA	NA	NA	NA	0	0.0816467472986106	NA	NA	0	NA	NA	NA	NA	NA	NA	NA	NA	0.0505050505050508	NA	NA	0
WASH6P	0.326530612244898	NA	NA	0.135135135135136	NA	NA	0.0554242719367972	0.264705882352941	0.000689179875948052	0.55280357757138	0.831309041835358	0.398418736742457	0.771428571428571	NA	NA	0.777777777777778	0.8	0.28	0.0384615384615385	0.319148936170213	0.489216799091941	NA
WDR13	NA	NA	NA	NA	NA	0	NA	NA	NA	NA	NA	0.0238976775496468	NA	NA	NA	NA	NA	NA	NA	NA	NA	NA
WDR44	NA	NA	NA	0	NA	0	NA	NA	NA	0	NA	NA	NA	NA	NA	NA	NA	NA	NA	NA	NA	0.118717489592133
WWC3	NA	NA	NA	NA	NA	0	NA	NA	NA	NA	NA	NA	NA	NA	NA	NA	NA	NA	NA	NA	0	0.181757671739081
XIAP	0.137566137566138	NA	NA	NA	NA	0	0.00283957355760732	0.0349815070352876	NA	0	0.0374037403740373	0.00172626509399412	NA	NA	NA	NA	NA	0.269230769230769	0.00840336134453798	NA	NA	0.0470744403277528
XIST	0.861386138613861	NA	0.674741396611275	0.354838709677419	NA	0.557423241352507	NA	NA	0.690605776839345	0.855648527296471	NA	0.785868674809574	NA	NA	NA	NA	NA	NA	0.633507853403141	NA	0.650247046964648	NA
YIPF6	NA	NA	NA	NA	NA	NA	0	NA	NA	0.0262614340513426	NA	NA	NA	NA	NA	NA	NA	NA	NA	NA	NA	NA
ZBED1	NA	NA	NA	0.755577221034316	NA	NA	0.417567758448273	0.826614651061986	0.743079198469524	NA	NA	0.552711376585716	0.809151588180598	NA	NA	0.831126474212611	0.844421101774043	0.909850907089233	0.79489636719195	0.833851635652508	0.647328623150664	NA
ZBTB33	NA	NA	NA	0.0513833992094859	NA	NA	0	NA	NA	NA	NA	0	NA	NA	NA	NA	NA	NA	NA	NA	0	NA
ZDHHC9	0.102040816326531	NA	0.0706319702602233	NA	NA	0	0	NA	0	0	NA	NA	NA	NA	NA	NA	NA	NA	NA	NA	NA	NA
ZFX	NA	NA	NA	0.516476658277998	0.263888888888889	0.595588235294118	0.493711414278862	NA	0.552913818105289	0.374499373013121	0.520255863539446	0.686922874711097	0.628021579001971	0.546656023839932	NA	0.654196535244922	NA	0.663504349108064	0.476962892180284	0.73658368029486	0.534876392661772	NA
ZMYM3	NA	NA	NA	0	NA	NA	NA	0	0.0182328190743335	0	NA	NA	NA	NA	NA	NA	NA	NA	NA	NA	NA	NA
ZNF275	NA	NA	NA	0.0187155185402445	NA	0	0.0449449967246637	0.14026730148168	NA	0	0.01193139448173	NA	0.0540540540540541	NA	NA	NA	NA	NA	NA	NA	0	0
ZNF280C	NA	NA	NA	NA	NA	NA	NA	NA	0	NA	NA	0.176954732510289	NA	NA	NA	NA	NA	NA	NA	NA	0.032258064516129	0.0370796205806267
ZNF41	NA	NA	NA	NA	NA	0.0243902439024394	0	NA	NA	0	NA	NA	NA	NA	NA	NA	NA	NA	NA	NA	0.0590525632706035	0
ZNF630	NA	NA	NA	NA	NA	NA	NA	NA	NA	NA	NA	NA	NA	NA	NA	NA	NA	NA	NA	NA	NA	0.032258064516129
ZNF75D	NA	NA	NA	NA	NA	0	NA	NA	0	0	NA	0.0423314695149219	NA	NA	NA	NA	NA	NA	NA	NA	NA	0.417249417249417
ZNF81	NA	NA	NA	NA	NA	NA	0.133782483156881	NA	0	NA	NA	NA	NA	NA	NA	NA	NA	NA	NA	NA	NA	NA
ZRSR2	NA	0.550724637681159	0.388959123472398	NA	0.631578947368421	0.958677685950413	0.278886466543686	0.948506694129764	NA	0.185786660900981	NA	NA	0.48314606741573	0.415927419354838	0.282352941176471	NA	NA	NA	NA	NA	0.141923181694361	0.635036496350365
ZXDB	NA	NA	0.169435215946844	NA	NA	NA	NA	NA	NA	NA	NA	NA	NA	NA	NA	NA	NA	NA	NA	NA	0	0.24114671163575
