2703_XX	3429_XXY	3442_XXY	6029_XX	7089B_XXY	7194A_XXY	7205B_XX	7246B_XX	7249B_XX	7271A_XX	7272A_XX	7273A_XX	7275A_XX	7304B_XXYY	7307A_XXY	7367A_XX_tri21	7368A_XX	7369A_XX_tri21	7370A_XX_tri21	7372A_XX_tri21	7389A_XX	7478A_XXYY
ABCB7	NA	NA	NA	NA	NA	NA	NA	NA	NA	NA	NA	NA	NA	NA	NA	NA	NA	NA	NA	NA	0.285024154589372	NA
ABCD1	NA	NA	NA	0.166666666666667	NA	0.142857142857143	0.363636363636364	NA	0.363492063492063	0.4125	NA	0.152625152625153	NA	NA	NA	NA	NA	NA	NA	NA	0.201492117117117	0.714285714285714
ACOT9	NA	NA	NA	NA	NA	0.110169491525424	0.435828877005348	NA	0.376623376623376	NA	NA	NA	NA	NA	NA	NA	NA	NA	NA	NA	0.157534246575342	0.307633053221288
AIFM1	NA	NA	0.31875	NA	NA	NA	NA	NA	0.189090909090909	NA	NA	0.127272727272727	NA	NA	NA	NA	NA	NA	NA	NA	0.164556962025316	0.24802110817942
AKAP17A	0.804247871992801	NA	NA	0.959183673469388	NA	NA	0.907103825136612	0.827956989247312	0.714285714285714	0.965732087227414	NA	0.818840579710145	0.909510352855185	NA	NA	0.848118158644474	NA	0.753973374295955	NA	NA	0.841609328244548	NA
ALG13	NA	NA	0.404761904761905	NA	NA	NA	NA	NA	NA	NA	NA	NA	NA	NA	NA	NA	NA	NA	NA	NA	NA	NA
AMMECR1	NA	NA	NA	NA	NA	NA	NA	NA	NA	0.235294117647059	NA	NA	NA	NA	NA	NA	NA	NA	NA	NA	NA	NA
AP1S2	NA	NA	NA	NA	NA	NA	NA	NA	NA	NA	0.0469314079422383	NA	NA	NA	0.220289855072464	NA	NA	NA	NA	NA	NA	0.235384615384615
APOO	NA	NA	NA	NA	NA	0.195652173913043	0.109090909090909	NA	NA	NA	NA	0.135593220338983	NA	NA	NA	NA	NA	NA	NA	NA	0.246376811594203	NA
APOOL	0.611111111111111	NA	0.916666666666667	0.56359649122807	0.460756722951845	0.30305316091954	0.541979010494753	0.234848484848484	0.569073083778966	0.15648239063437	0.623809523809524	0.590909090909091	0.450549450549451	0.636363636363636	0.638888888888889	NA	0.773529411764706	0.419529301108248	0.423076923076923	0.405710955710956	0.498136645962733	0.433599744245524
ARAF	NA	NA	NA	NA	NA	NA	NA	NA	0.416666666666667	NA	NA	NA	NA	NA	NA	NA	NA	NA	NA	NA	NA	NA
ARHGAP4	0.1015625	NA	0.246575342465753	0.103448275862069	NA	0.117647058823529	0.242862439747868	NA	NA	0.118110236220472	NA	NA	NA	NA	NA	NA	NA	NA	NA	NA	NA	0.274193548387097
ARHGAP6	NA	NA	NA	NA	NA	0.25	NA	NA	0.454545454545455	0.247291021671827	NA	NA	NA	NA	NA	NA	NA	NA	NA	NA	NA	NA
ARHGEF6	NA	NA	NA	NA	NA	NA	NA	NA	NA	0.149532710280374	NA	NA	NA	NA	NA	NA	NA	NA	NA	NA	NA	NA
ARHGEF9	NA	0.173913043478261	NA	NA	NA	NA	NA	NA	NA	0.21875	NA	NA	NA	NA	NA	NA	NA	NA	NA	NA	NA	NA
ARMCX2	NA	NA	NA	NA	NA	NA	NA	NA	NA	NA	NA	NA	NA	NA	NA	NA	NA	NA	NA	NA	NA	0.516129032258065
ARMCX3	NA	NA	0.166666666666667	0.218181818181818	NA	NA	0.221538461538462	NA	0.197802197802198	NA	0.0380952380952381	0.0944055944055944	NA	NA	NA	NA	NA	NA	NA	NA	0.165217391304348	0.513513513513513
ARMCX6	0.0851063829787234	NA	NA	0.181818181818182	NA	NA	NA	NA	NA	NA	0.0422535211267606	0.0769230769230769	NA	NA	NA	NA	NA	NA	NA	NA	0.239130434782609	NA
ASMTL	0.756626755456247	NA	NA	0.652136010236138	NA	NA	0.859259450891281	0.781021897810219	0.840130348546155	NA	0.862594251586413	0.938775510204082	0.775785801579861	NA	NA	0.693877551020408	0.890230394328755	0.880581130143984	0.794520547945205	NA	NA	NA
ATG4A	NA	NA	0.323817076394396	0.103448275862069	NA	NA	0.291578576462298	NA	NA	NA	NA	NA	NA	NA	NA	NA	NA	NA	NA	NA	NA	NA
ATP11C	NA	NA	NA	NA	NA	0.152173913043478	NA	NA	NA	NA	NA	NA	NA	NA	NA	NA	NA	NA	NA	NA	0.144736842105263	0.16
ATP6AP1	NA	NA	NA	0.167730575731774	NA	0.20929545215082	NA	NA	0.216023083636014	NA	0.0286427145708582	NA	NA	NA	NA	NA	NA	NA	NA	NA	NA	NA
ATP6AP2	NA	NA	0.301960784313725	0.125448028673835	NA	NA	NA	NA	NA	NA	NA	NA	NA	NA	NA	NA	NA	NA	NA	NA	NA	NA
ATP7A	NA	NA	0.353709508881923	NA	NA	NA	NA	NA	0.256534954407295	0.114186127570582	NA	NA	NA	NA	NA	NA	NA	NA	NA	NA	NA	NA
ATRX	NA	NA	0.313725490196078	NA	0.4375	0.163265306122449	0.9375	0.692307692307692	0.7	NA	NA	NA	NA	NA	NA	NA	NA	NA	NA	NA	NA	NA
BCAP31	NA	NA	NA	0.159340659340659	NA	NA	NA	NA	NA	NA	NA	0.36	NA	NA	NA	NA	NA	NA	NA	NA	NA	NA
BCOR	NA	NA	0.5	NA	NA	NA	0.136363636363636	NA	NA	NA	NA	NA	NA	NA	NA	NA	NA	NA	NA	NA	0.166666666666667	0.289473684210526
BEX2	NA	NA	0.136363636363636	0.333333333333333	NA	NA	NA	NA	0.411764705882353	NA	NA	NA	NA	NA	NA	NA	NA	NA	NA	NA	NA	0.255813953488372
BEX4	NA	NA	NA	0.483333333333334	NA	NA	NA	NA	0.178807947019868	0.0714285714285714	NA	0.0275229357798165	NA	NA	NA	0.75	NA	NA	NA	NA	NA	NA
BRCC3	0.103448275862069	NA	NA	NA	NA	NA	NA	NA	0.163265306122449	0.179487179487179	NA	0.0857142857142857	NA	NA	NA	NA	NA	NA	NA	NA	NA	NA
BRWD3	NA	NA	NA	NA	NA	0.555555555555556	0.3	NA	0.1875	NA	NA	NA	NA	NA	NA	NA	NA	NA	NA	NA	0.380952380952381	0.375
BTK	NA	NA	0.470790378006873	0.169511842517409	NA	0.130177514792899	0.284351289657216	NA	NA	0.0980302631578948	NA	NA	NA	NA	NA	NA	NA	NA	NA	NA	0.161256064148003	0.393767705382436
C1GALT1C1	NA	NA	NA	NA	NA	0.263027852650494	NA	0.048151001540832	NA	NA	0.0217391304347826	0.0803047286918255	NA	NA	NA	NA	NA	NA	NA	NA	0.215189873417722	0.277777777777778
CA5B	0.428571428571429	NA	NA	NA	0.333333333333333	NA	0.461538461538462	0.833333333333333	NA	0.333333333333333	NA	0.5	0.25	NA	0.2	NA	NA	NA	NA	NA	NA	0.461538461538462
CCDC22	NA	NA	NA	NA	NA	NA	NA	0.0641025641025641	NA	NA	NA	0.0425531914893617	NA	NA	NA	NA	NA	NA	NA	NA	0.204545454545455	NA
CD99	0.473060344827586	NA	NA	0.57847566307199	NA	NA	NA	NA	0.244897959183673	0.723926380368098	NA	0.510297482837529	0.889616743680348	NA	NA	0.754827235772358	0.523255813953488	0.116503737780333	0.405287939152481	NA	0.582022146303279	NA
CD99L2	0.112676056338028	NA	0.422222222222222	NA	NA	0.171829407876707	0.217815665925377	0.171428571428571	NA	0.112041467304625	0.0373030583873957	0.121212121212121	NA	NA	NA	NA	NA	NA	NA	NA	0.16510128052124	0.404829845698584
CDKL5	0.428571428571429	NA	NA	NA	NA	NA	NA	NA	NA	NA	NA	NA	NA	NA	NA	NA	NA	NA	NA	NA	NA	NA
CENPI	NA	NA	0.260119047619048	NA	NA	0.354166666666667	NA	NA	0.213474462365591	NA	NA	NA	NA	NA	NA	NA	NA	NA	NA	NA	0.272680623973728	NA
CFP	0.193548387096774	NA	NA	NA	NA	0.166666666666667	NA	NA	0.392857142857143	NA	NA	NA	NA	NA	NA	NA	NA	NA	NA	NA	NA	NA
CHIC1	NA	NA	NA	NA	NA	0.318181818181818	NA	NA	NA	NA	NA	NA	NA	NA	NA	NA	NA	NA	NA	NA	0.285714285714286	NA
CHM	0.233333333333333	NA	0.842105263157895	0.1875	0.2	NA	NA	NA	0.333333333333333	0.480235042735043	NA	NA	0.708333333333333	NA	0.359788359788359	NA	NA	NA	NA	NA	0.137931034482759	NA
CHST7	0.166666666666667	NA	0.208333333333333	NA	NA	0.259259259259259	NA	NA	NA	NA	NA	NA	NA	NA	NA	NA	NA	NA	NA	NA	NA	NA
CLIC2	NA	NA	NA	NA	NA	NA	NA	NA	0.342857142857143	NA	NA	0.380952380952381	NA	NA	NA	NA	NA	NA	NA	NA	0.567460317460317	NA
CSTF2	NA	NA	NA	NA	NA	NA	NA	NA	NA	0.0491803278688525	NA	NA	NA	NA	NA	NA	NA	NA	NA	NA	NA	NA
CTPS2	NA	NA	NA	NA	NA	NA	NA	NA	NA	NA	NA	NA	NA	NA	NA	NA	NA	NA	NA	NA	NA	0.197368421052632
CUL4B	NA	NA	NA	NA	NA	NA	NA	NA	NA	0.184395604395604	NA	NA	NA	NA	NA	NA	NA	NA	NA	NA	NA	NA
CXorf38	NA	NA	NA	0.187502952988424	NA	NA	0.329545454545455	NA	0.343283582089552	0.121076595096696	0.0646551724137931	0.173076923076923	NA	NA	NA	0.233009708737864	NA	0.142857142857143	0.173482640486782	NA	NA	0.381794716064379
CYBB	NA	NA	NA	0.130801687763713	NA	0.296551724137931	NA	NA	NA	NA	NA	NA	NA	NA	NA	NA	NA	NA	NA	NA	NA	0.207407407407407
CYSLTR1	NA	NA	0.304347826086957	NA	NA	NA	NA	NA	0.150432900432901	NA	NA	NA	NA	NA	NA	NA	NA	NA	NA	NA	NA	NA
DDX3X	0.375	NA	NA	0.733840304182509	0.52	NA	0.727272727272728	0.576813301078007	0.544642857142857	0.857142857142857	NA	0.711316397228637	0.812709590878605	NA	NA	0.502645502645502	0.555555555555556	NA	0.517399267399268	0.45453125912745	0.634989200863931	NA
DHRSX	NA	NA	NA	0.734796020510306	NA	NA	0.778231570349194	1	0.555555555555556	0.585229472424594	0.621112894596041	NA	0.804450549450549	NA	NA	0.675287356321839	0.71306161745828	NA	0.866551724137931	0.789047619047619	NA	NA
DIAPH2	NA	NA	NA	NA	NA	NA	NA	NA	NA	NA	NA	NA	NA	NA	NA	NA	NA	NA	NA	NA	NA	0.325757575757576
DKC1	NA	NA	0.276649746192893	NA	NA	NA	NA	0.0564516129032258	NA	NA	NA	0.0952380952380952	NA	NA	NA	NA	NA	NA	NA	NA	NA	NA
DLG3	NA	NA	NA	NA	NA	NA	NA	NA	NA	NA	NA	0.111111111111111	NA	NA	NA	NA	NA	NA	NA	NA	0.222222222222222	NA
DMD	NA	NA	0.666666666666667	NA	NA	NA	NA	0.0821917808219178	NA	NA	NA	NA	NA	NA	NA	NA	NA	NA	NA	NA	0.193548387096774	NA
DNASE1L1	NA	NA	NA	NA	NA	0.12489707475623	NA	NA	0.212180026309547	0.105769230769231	0.0333333333333333	NA	NA	NA	NA	0.125	NA	NA	NA	NA	NA	NA
DOCK11	NA	NA	0.346590909090909	0.111111111111111	NA	0.132075471698113	NA	0.0653733008723879	0.258064516129032	NA	0.0481997677119629	NA	NA	NA	NA	0.103448275862069	NA	NA	NA	NA	0.191011235955056	0.325
DYNLT3	NA	NA	0.262295081967213	0.173913043478261	NA	0.189189189189189	NA	NA	0.30379746835443	NA	NA	0.291666666666667	NA	NA	NA	NA	NA	NA	NA	NA	0.156862745098039	0.2
EDA2R	NA	NA	NA	NA	NA	0.210526315789474	NA	NA	NA	NA	NA	NA	NA	NA	NA	NA	NA	NA	NA	NA	NA	NA
EIF1AX	0.620409982174688	0.471287504110269	0.483197837077724	0.423872053591199	NA	NA	0.6625	0.602703984819734	0.399782773976322	NA	NA	0.302857142857143	0.396107070525675	NA	0.419510320597277	0.513071895424837	NA	NA	0.48968070293117	0.502527493321643	NA	0.605758995103257
EIF2S3	NA	NA	NA	0.364882177691074	NA	NA	0.292873265514157	NA	NA	0.223927369961818	0.206518445322793	NA	NA	NA	NA	0.483294930875576	NA	0.277168179203936	0.278236285413858	NA	0.593161067589062	0.52551724137931
ELF4	NA	NA	0.269662921348315	NA	NA	0.172413793103448	NA	0.064	0.185929648241206	0.117370892018779	0.0233918128654971	0.152542372881356	NA	NA	NA	NA	NA	NA	NA	NA	0.219585470532817	NA
ERCC6L	NA	NA	NA	NA	NA	NA	0.277777777777778	NA	NA	NA	NA	0.123737373737373	NA	NA	NA	NA	NA	NA	NA	NA	NA	NA
F8	NA	NA	NA	NA	NA	NA	NA	NA	NA	NA	NA	0.214285714285714	NA	NA	NA	NA	NA	NA	NA	NA	NA	NA
FAAH2	NA	NA	0.625	NA	NA	NA	NA	NA	0.5	NA	NA	NA	NA	NA	NA	NA	NA	NA	NA	NA	0.238095238095238	0.274743617134922
FAM104B	NA	NA	NA	NA	NA	NA	NA	NA	0.230769230769231	NA	NA	NA	NA	NA	NA	NA	NA	NA	NA	NA	NA	0.214285714285714
FAM199X	NA	NA	0.45	NA	NA	0.260869565217391	0.272727272727273	NA	0.125	NA	NA	0.114224137931035	NA	NA	NA	NA	NA	NA	NA	NA	0.166666666666667	NA
FAM3A	NA	NA	0.2875	NA	NA	NA	NA	0.13986013986014	NA	NA	NA	NA	NA	NA	NA	NA	NA	NA	NA	NA	NA	NA
FAM50A	NA	NA	NA	0.189189189189189	NA	0.183673469387755	NA	NA	0.194029850746269	NA	NA	NA	NA	NA	NA	NA	NA	NA	NA	NA	NA	NA
FANCB	NA	NA	0.214285714285714	NA	NA	NA	NA	NA	NA	NA	NA	NA	NA	NA	NA	NA	NA	NA	NA	NA	NA	0.348837209302326
FHL1	0.2	NA	NA	NA	NA	NA	NA	NA	0.5	NA	NA	NA	NA	NA	NA	NA	NA	NA	NA	NA	NA	NA
FLNA	NA	NA	NA	0.117647058823529	NA	0.16095947063689	NA	0.428571428571429	0.173008486175746	NA	0.0387869364043257	NA	NA	NA	NA	NA	NA	NA	NA	NA	NA	0.256115107913669
FMR1	NA	NA	0.423076923076924	NA	NA	0.212946817785527	0.342857142857143	0.06	NA	NA	NA	0.0652173913043478	NA	NA	NA	NA	NA	NA	NA	NA	0.2	NA
FTX	NA	NA	NA	NA	NA	NA	NA	NA	0.333333333333333	NA	NA	NA	NA	NA	NA	NA	NA	NA	NA	NA	NA	NA
FUNDC1	NA	NA	NA	NA	NA	0.224137931034483	NA	NA	NA	NA	NA	0.421052631578947	NA	NA	NA	NA	NA	NA	NA	0.303370786516854	NA	NA
G6PD	NA	NA	NA	NA	NA	NA	NA	0.0962962962962963	NA	NA	NA	NA	NA	NA	NA	NA	NA	NA	NA	NA	NA	NA
GDI1	NA	NA	NA	0.123655913978495	NA	0.173333333333333	NA	NA	0.253644314868805	NA	0.021671826625387	NA	NA	NA	NA	NA	NA	NA	NA	NA	NA	NA
GEMIN8	NA	0.169491525423729	1	NA	NA	NA	NA	0.277777777777778	0.818181818181818	0.173333333333333	NA	0.16	0.2	0.307692307692308	0.0943396226415094	NA	NA	NA	NA	NA	NA	NA
GK	NA	NA	0.333333333333333	NA	NA	0.266604010025063	0.314935064935065	NA	NA	NA	NA	NA	NA	NA	NA	NA	NA	NA	NA	NA	NA	NA
GLA	NA	NA	NA	0.232142857142857	NA	NA	NA	NA	NA	0.1875	NA	NA	NA	NA	NA	NA	NA	NA	NA	NA	NA	NA
GNL3L	NA	NA	NA	NA	NA	1	NA	NA	NA	NA	NA	NA	NA	NA	NA	NA	NA	NA	NA	NA	NA	NA
GPKOW	NA	NA	NA	NA	NA	NA	NA	NA	NA	NA	NA	0.108108108108108	NA	NA	NA	NA	NA	NA	NA	NA	NA	NA
GPR174	NA	NA	0.287774725274725	0.166666666666667	0.103448275862069	0.272727272727273	0.287608051670552	NA	0.714285714285714	0.263324736728992	0.0833333333333333	0.274635865024881	NA	NA	NA	NA	0.142857142857143	NA	0.16071390962796	NA	0.138888888888889	0.192982456140351
GRIPAP1	NA	NA	0.268518518518519	NA	NA	NA	0.129310344827586	0.0769230769230769	0.283783783783784	NA	NA	NA	NA	NA	NA	NA	NA	NA	NA	NA	0.221374045801527	0.244444444444444
GSPT2	NA	NA	NA	NA	NA	NA	NA	NA	NA	NA	NA	NA	NA	NA	NA	NA	NA	NA	NA	NA	0.25	NA
GTPBP6	NA	NA	NA	0.907614942528736	NA	NA	0.881954887218045	0.908333333333333	0.73921568627451	0.885064935064935	NA	0.937007874015748	NA	NA	NA	NA	0.869047619047619	0.803571428571428	0.941176470588235	0.771612903225807	0.816326530612245	NA
HCCS	NA	NA	NA	NA	NA	NA	NA	NA	NA	NA	NA	NA	NA	NA	NA	NA	NA	NA	NA	NA	0.227272727272727	NA
HCFC1	NA	NA	NA	NA	0.135642414860681	0.169282104514663	0.241698671306307	NA	NA	NA	0.0460526315789474	NA	NA	NA	NA	0.239130434782609	NA	NA	0.0991735537190083	NA	0.252631578947368	NA
HDAC8	0.181818181818182	NA	NA	0.25	NA	0.147058823529412	0.25	NA	NA	NA	NA	NA	NA	NA	NA	NA	NA	NA	NA	NA	NA	NA
HDX	NA	NA	NA	NA	NA	NA	NA	NA	NA	NA	NA	NA	NA	NA	NA	NA	NA	NA	0.272727272727273	NA	NA	0.3125
HMGB3	NA	NA	0.21875	0.1	NA	0.34375	0.245833333333334	NA	0.431372549019608	NA	NA	0.147727272727273	NA	NA	NA	NA	NA	NA	0.108108108108108	NA	0.333333333333333	NA
HNRNPH2	NA	NA	NA	NA	NA	NA	0.248	NA	NA	0.130232558139535	NA	NA	NA	NA	NA	NA	NA	NA	NA	NA	0.187898089171975	NA
HTATSF1	NA	NA	NA	NA	NA	0.231578947368421	NA	NA	0.202830188679245	0.111888111888112	0.0344827586206897	NA	NA	NA	NA	NA	NA	NA	NA	NA	NA	NA
HUWE1	NA	NA	0.229508196721311	0.181818181818182	NA	0.150442477876106	0.177631578947368	NA	0.195876288659794	NA	NA	NA	NA	NA	NA	NA	NA	NA	NA	NA	0.234972677595628	NA
IDH3G	NA	NA	NA	NA	NA	NA	NA	NA	NA	NA	NA	NA	NA	NA	NA	NA	NA	NA	NA	NA	NA	0.375
IDS	NA	NA	NA	0.169103466734494	NA	0.219513718069375	NA	NA	0.25556120053777	NA	0.0413911663581063	0.10848770994734	NA	NA	NA	NA	NA	NA	NA	NA	NA	NA
IL3RA	0.653543307086614	NA	NA	0.85	NA	NA	0.58380991285403	0.712749615975423	0.49389724310777	NA	NA	0.857142857142857	0.6	NA	NA	0.638998682476944	NA	0.671674491392801	NA	0.535714285714286	0.958904109589041	NA
IRAK1	NA	NA	NA	NA	NA	0.140625	0.249925371088834	NA	NA	NA	NA	NA	NA	NA	NA	NA	NA	NA	NA	NA	NA	NA
ITM2A	NA	NA	0.253333333333333	0.268292682926829	NA	0.459715963986764	0.401234567901235	NA	0.136363636363636	0.233866362078812	NA	NA	NA	NA	NA	NA	NA	NA	NA	NA	0.271604938271605	0.225331607893886
JPX	0.254629629629629	NA	NA	NA	NA	NA	NA	NA	NA	NA	NA	0.270588235294118	NA	NA	NA	0.545454545454545	0.6	NA	0.666666666666667	NA	NA	NA
KDM5C	NA	NA	NA	NA	NA	NA	NA	NA	NA	NA	NA	NA	NA	NA	0.511050724637682	NA	NA	NA	NA	NA	0.778688524590164	NA
KDM6A	NA	NA	0.622641509433962	0.96969696969697	NA	1	NA	NA	0.862745098039216	0.642857142857143	NA	NA	0.735446792732666	NA	NA	0.945945945945946	0.757575757575758	0.774193548387097	NA	NA	NA	0.907692307692308
KIF4A	NA	NA	NA	NA	NA	NA	NA	NA	NA	NA	0.0258064516129032	NA	NA	NA	NA	NA	NA	NA	0.114285714285714	NA	NA	NA
KLHL15	NA	NA	NA	0.714285714285714	NA	0.277777777777778	0.178571428571428	NA	NA	0.287798408488064	NA	NA	NA	NA	NA	NA	NA	NA	NA	NA	0.304347826086957	NA
LAGE3	NA	NA	NA	NA	NA	NA	NA	0.183333333333334	NA	NA	NA	NA	NA	NA	NA	NA	NA	NA	NA	NA	NA	NA
LAMP2	NA	NA	NA	NA	NA	NA	0.222702688163366	0.0771167177251483	0.297043010752688	0.151006264161002	0.914285714285714	NA	NA	NA	NA	NA	NA	NA	NA	NA	0.198025142459437	0.310988532029717
LAS1L	NA	NA	NA	NA	NA	NA	NA	NA	NA	0.114285714285714	NA	NA	NA	NA	NA	NA	NA	NA	NA	NA	NA	NA
MAGED1	NA	NA	0.444444444444444	0.152777777777778	NA	NA	0.265799256505576	0.108108108108108	NA	NA	NA	NA	NA	NA	NA	NA	NA	NA	NA	NA	NA	NA
MAGED2	NA	NA	0.287522046806274	0.177618052433342	NA	NA	0.156290740061726	NA	0.221738145909191	0.179398524658832	NA	NA	NA	NA	NA	NA	NA	NA	NA	NA	NA	NA
MAGEH1	NA	NA	NA	NA	NA	0.287234042553192	0.267241379310345	0.0864197530864197	0.182608695652174	NA	NA	NA	NA	NA	NA	NA	NA	NA	NA	NA	0.173228346456693	0.326086956521739
MAP7D2	0.272727272727273	0.131578947368421	NA	NA	NA	NA	NA	NA	NA	NA	NA	NA	NA	NA	0.135135135135135	0.446808510638298	NA	NA	NA	0.156862745098039	NA	0.571428571428571
MAP7D3	NA	NA	0.362738643844635	NA	NA	0.277505000909256	NA	NA	0.275839793281654	NA	NA	NA	NA	NA	NA	NA	NA	NA	0.0845070422535211	NA	0.219512195121951	0.410129001433349
MBNL3	NA	NA	NA	0.15	NA	NA	0.305555555555556	NA	NA	0.211396574440053	NA	NA	NA	NA	NA	NA	NA	NA	NA	NA	0.192307692307692	0.300813008130081
MBTPS2	0.111111111111111	NA	0.212121212121212	NA	NA	NA	NA	0.0901515151515153	NA	0.0757062146892656	NA	0.100540540540541	NA	NA	NA	NA	NA	NA	0.181818181818182	NA	0.229064039408867	0.114285714285714
MECP2	NA	NA	NA	NA	NA	NA	0.238095238095238	NA	0.197183098591549	NA	NA	NA	NA	NA	NA	NA	NA	NA	NA	NA	NA	NA
MED12	NA	NA	NA	NA	NA	0.24390243902439	NA	0.1	NA	0.0606060606060606	NA	NA	NA	NA	NA	NA	NA	NA	NA	NA	NA	NA
MED14	NA	NA	NA	NA	NA	NA	0.285714285714286	NA	0.312	0.096551724137931	NA	0.142857142857143	NA	0.132075471698113	NA	NA	NA	NA	0.179609634551495	NA	NA	NA
MID1IP1	NA	NA	NA	NA	NA	NA	NA	NA	NA	NA	NA	NA	NA	NA	NA	NA	NA	NA	NA	NA	NA	0.318181818181818
MMGT1	NA	NA	NA	NA	NA	NA	NA	NA	NA	0.0909090909090909	NA	NA	NA	NA	NA	NA	NA	NA	NA	NA	0.196336996336996	NA
MORF4L2	NA	NA	NA	NA	NA	0.142538975501114	0.286666666666667	NA	NA	NA	0.0180831826401447	0.0763765541740675	NA	NA	NA	NA	NA	NA	NA	NA	NA	0.305084745762712
MOSPD1	NA	NA	NA	NA	NA	NA	0.289351851851852	0.152173913043478	NA	NA	NA	0.130434782608696	NA	NA	NA	NA	NA	NA	NA	NA	NA	NA
MOSPD2	NA	NA	NA	0.192307692307692	NA	0.173913043478261	NA	NA	NA	NA	NA	NA	NA	NA	NA	NA	NA	NA	NA	NA	NA	NA
MPP1	NA	NA	NA	NA	NA	NA	0.26	0.0545454545454545	0.142857142857143	NA	NA	NA	NA	NA	NA	NA	NA	NA	NA	NA	NA	NA
MSL3	NA	NA	0.515873015873016	NA	0.9	0.542372881355932	0.294117647058824	NA	NA	NA	NA	NA	0.340579710144927	0.472114764667956	0.667722595063256	NA	0.454721901597609	NA	0.5	NA	0.448838494770681	NA
MTMR1	NA	NA	0.386605783866057	0.125	NA	NA	0.223684210526316	0.0491803278688525	NA	0.170068027210884	NA	0.094488188976378	NA	NA	NA	NA	NA	NA	NA	NA	0.181450216450216	0.313716814159292
NAA10	NA	NA	NA	NA	NA	NA	NA	NA	NA	NA	NA	NA	NA	NA	NA	NA	NA	NA	0.210526315789474	0.230769230769231	NA	NA
NONO	NA	NA	NA	NA	NA	NA	NA	NA	NA	NA	NA	0.0947452229299363	NA	NA	NA	NA	NA	NA	NA	NA	NA	NA
NSDHL	NA	NA	NA	NA	NA	NA	NA	0.0413793103448276	NA	NA	NA	NA	NA	NA	NA	NA	NA	NA	NA	NA	NA	NA
NXT2	NA	NA	0.314285714285714	0.133333333333333	NA	0.142830746489284	0.294964028776978	0.0704225352112676	NA	0.117647058823529	NA	NA	NA	NA	NA	NA	NA	NA	NA	NA	0.120481927710843	NA
OCRL	NA	NA	NA	NA	NA	NA	NA	NA	NA	0.200980392156863	NA	NA	NA	NA	NA	NA	NA	NA	NA	NA	NA	NA
OTUD5	NA	NA	NA	0.166666666666667	NA	NA	NA	NA	0.137254901960784	NA	NA	NA	NA	NA	NA	NA	NA	NA	NA	NA	NA	NA
P2RY10	0.120401337792642	NA	0.465753424657534	0.25	0.168443496801706	0.203791469194313	NA	NA	NA	0.237826252474494	NA	NA	NA	0.146341463414634	NA	NA	0.301324503311258	NA	0.143382352941176	0.151020408163265	0.260162601626016	0.283088235294118
P2RY8	0.819592750434077	NA	NA	0.888930028826645	NA	NA	0.870548130947067	1	NA	0.80455798576899	0.73162432196959	NA	0.821107574327913	NA	NA	0.648563218390805	0.90543939732871	0.779469407052569	0.770391613777577	0.891995221027479	0.833151089471705	NA
PDHA1	NA	NA	NA	NA	NA	NA	NA	NA	0.282716722722177	NA	NA	NA	NA	NA	NA	NA	NA	NA	NA	NA	NA	NA
PDK3	NA	NA	0.488289488289488	0.21756993006993	NA	0.184372456247456	0.391544117647059	0.108108108108108	0.344177752072489	NA	NA	NA	NA	NA	NA	0.133689839572192	NA	NA	0.111111111111111	NA	0.219512195121951	NA
PGK1	NA	NA	0.261111111111111	NA	NA	NA	NA	NA	0.140008576329331	0.120027874297324	NA	NA	NA	NA	NA	NA	NA	NA	0.15625	NA	NA	NA
PGRMC1	NA	NA	0.211111111111111	NA	NA	NA	NA	NA	0.15609756097561	NA	NA	NA	NA	NA	NA	NA	NA	NA	NA	NA	NA	NA
PHF6	NA	NA	NA	NA	NA	NA	NA	NA	0.26775956284153	NA	NA	NA	NA	NA	NA	NA	NA	NA	NA	NA	0.149253731343284	0.148936170212766
PHF8	NA	NA	NA	NA	NA	NA	NA	0.181818181818182	0.265104166666666	NA	NA	NA	NA	NA	NA	NA	NA	NA	NA	NA	NA	0.169301523426272
PIGA	NA	NA	NA	0.272727272727273	NA	NA	NA	0.092140921409214	NA	0.352272727272728	NA	0.304347826086957	NA	NA	NA	NA	NA	NA	NA	NA	NA	NA
PIN4	NA	NA	NA	0.106666666666667	NA	NA	NA	NA	NA	NA	NA	NA	NA	NA	NA	NA	NA	NA	NA	NA	0.14041095890411	NA
PIR	NA	NA	NA	NA	NA	NA	NA	NA	0.328358208955224	0.122856029106029	NA	0.147513440860215	NA	NA	NA	NA	NA	NA	0.0862068965517241	NA	0.265962270995828	0.371794871794872
PJA1	NA	NA	NA	0.229166666666667	NA	NA	0.213594276094276	NA	0.511111111111111	0.154801242901532	NA	0.0851717805913011	NA	NA	NA	NA	NA	NA	0.108695652173913	NA	NA	NA
PLCXD1	0.521739130434783	NA	NA	0.7	NA	NA	0.231980347694633	0.909090909090909	0.517575757575758	0.299363057324841	0.719746746746747	0.209646464646465	0.469919002566062	NA	NA	0.398502304147465	0.372923588039867	0.380555555555556	0.481818181818182	0.585128569338152	0.780689747718733	NA
PLP2	NA	NA	0.313131313131313	NA	NA	NA	NA	0.0817120622568093	NA	NA	NA	NA	NA	NA	NA	NA	NA	NA	NA	NA	0.166666666666667	NA
PLXNA3	0.148148148148148	NA	NA	NA	NA	NA	NA	NA	NA	NA	NA	NA	NA	NA	NA	NA	NA	NA	NA	NA	NA	NA
PNPLA4	1	NA	1	NA	0.633333333333333	0.857142857142857	NA	NA	0.483516483516483	1	NA	1	0.5	0.636363636363636	0.666666666666667	NA	0.857142857142857	0.643097643097643	0.515151515151515	NA	NA	NA
POLA1	NA	NA	NA	0.216216216216216	NA	NA	NA	NA	0.180952380952381	0.123650697392359	NA	NA	NA	NA	NA	NA	NA	NA	NA	NA	NA	NA
PRKX	0.737470333659082	0.488809523809524	0.484572784810127	0.801686909581646	0.602665277970841	0.608031400966184	NA	0.790351370851371	0.445297275611281	0.753717416927331	0.61887599469496	0.754075251553832	0.930354412407165	0.684297992208179	0.6	0.633802816901408	0.414835164835165	0.628429089026915	0.49128871681416	0.787766678998644	0.617053105686429	NA
PRPS2	NA	NA	0.261682242990654	0.142857142857143	NA	0.25609756097561	0.233870967741935	0.0714285714285714	0.176165803108808	NA	NA	0.125	NA	NA	NA	NA	NA	NA	0.105263157894737	NA	0.202614379084967	NA
PUDP	NA	NA	0.775558312655087	NA	0.71330172909849	0.8533073515378	0.858781322203154	0.779816334483692	0.794957401375132	0.616414653028518	0.69350350905782	0.738494667543385	0.564102564102564	0.685073496757526	0.796175148687503	0.758439272865643	0.792128835525062	0.663671133897085	NA	0.744748274399041	0.846290861009045	0.93857720305891
RAB39B	NA	NA	NA	0.19047619047619	NA	NA	NA	NA	0.545454545454545	0.137931034482759	NA	0.0714285714285714	NA	NA	NA	NA	NA	NA	NA	NA	0.433333333333333	NA
RAP2C	NA	NA	0.282296650717703	NA	NA	NA	NA	NA	NA	0.127906976744186	NA	0.103921568627451	NA	NA	NA	NA	NA	NA	NA	NA	0.27027027027027	0.249200426439232
RBBP7	0.371648163359451	0.296339203555431	0.545813953488372	0.429936314044841	NA	0.385006266732178	0.38331531371854	NA	0.244897959183673	0.0909090909090909	NA	0.23543186043186	NA	NA	0.191919962964413	0.492310184453937	NA	0.326441335710071	0.340047899062037	NA	0.404939642126076	0.489111945208047
RBM3	NA	NA	0.366875996810207	NA	NA	0.139278957202227	0.278816199376947	NA	NA	NA	NA	0.108282559693404	NA	NA	NA	NA	NA	NA	0.132075471698113	NA	0.18900675024108	0.300217972630997
RBM41	NA	NA	NA	NA	NA	NA	0.145833333333333	NA	0.304529752347589	0.180069103473359	NA	0.213235294117647	NA	NA	NA	0.15	NA	NA	NA	NA	0.25	0.194248405103668
RBMX2	NA	NA	NA	NA	NA	NA	NA	NA	NA	0.0989185750636132	NA	NA	NA	NA	NA	NA	NA	NA	NA	NA	NA	NA
RLIM	NA	NA	0.212053571428572	NA	NA	NA	NA	NA	NA	NA	NA	0.0911978221415608	NA	NA	NA	0.142164179104477	NA	NA	NA	NA	0.295454545454545	NA
RNF113A	NA	NA	NA	NA	NA	NA	NA	NA	NA	NA	0.0132743362831858	NA	NA	NA	NA	NA	NA	NA	NA	NA	NA	NA
RP2	NA	NA	NA	NA	NA	NA	0.264705882352941	NA	NA	NA	NA	NA	NA	NA	NA	NA	NA	NA	NA	NA	0.270833333333333	NA
RPGR	NA	NA	0.272727272727273	NA	NA	NA	0.142857142857143	NA	NA	NA	NA	NA	NA	NA	NA	NA	NA	NA	NA	NA	0.265	NA
RPL10	NA	NA	NA	0.275132275132275	NA	0.339527458492976	NA	NA	0.215806475847044	NA	0.0930232558139535	NA	NA	NA	NA	NA	NA	NA	NA	NA	NA	NA
RPL36A	NA	NA	0.571428571428571	NA	NA	NA	NA	NA	0.4	NA	NA	NA	NA	NA	NA	NA	NA	NA	NA	NA	NA	NA
RPL39	NA	NA	NA	NA	NA	NA	NA	NA	NA	0.312312312312312	NA	NA	NA	NA	NA	NA	NA	NA	NA	NA	NA	NA
RPS4X	0.767242533815455	NA	NA	0.747133373566687	NA	0.701763396678651	0.798140043763676	NA	0.637465878070973	NA	NA	0.820419546501758	0.684771466090566	0.710390448531784	0.679722706873548	0.545454545454545	0.680851063829787	NA	NA	NA	0.513513513513513	NA
RPS6KA3	0.136556270737892	NA	0.229511858349578	0.156794425087108	NA	NA	0.267742181540808	0.0784827552068931	0.230785123966942	NA	NA	NA	NA	NA	NA	NA	NA	NA	NA	NA	NA	0.242682667579227
RRAGB	NA	NA	NA	NA	NA	0.272727272727273	0.176470588235294	NA	0.347826086956522	NA	NA	NA	NA	NA	NA	NA	NA	NA	NA	NA	NA	0.529411764705882
SASH3	NA	NA	0.301169590643275	0.153846153846154	NA	0.191653786707883	NA	NA	NA	0.146556428047142	NA	NA	NA	NA	NA	NA	NA	NA	NA	NA	0.197431781701445	NA
SAT1	NA	NA	NA	NA	NA	NA	0.388888888888889	NA	NA	0.331858407079646	0.0258620689655172	0.193181818181818	NA	NA	NA	NA	NA	NA	NA	NA	NA	0.292686438237835
SH3BGRL	NA	NA	0.161290322580645	NA	NA	0.200811359026369	0.290229885057471	0.0595482546201232	0.227722772277228	NA	0.0301724137931034	0.148606811145511	NA	NA	NA	NA	NA	NA	0.107142857142857	NA	0.171717171717172	0.281395348837209
SLC10A3	NA	NA	0.2	NA	NA	NA	NA	NA	0.2	NA	NA	NA	NA	NA	NA	NA	NA	NA	NA	NA	0.266666666666667	NA
SLC25A43	0.133298319327731	NA	NA	NA	NA	NA	NA	0.172413793103448	NA	NA	0.0349158653846154	NA	NA	NA	NA	NA	NA	NA	0.111111111111111	NA	0.239759477065185	0.170731707317073
SLC25A5	NA	NA	NA	NA	NA	NA	NA	NA	0.200360393722901	NA	0.0199741423006441	NA	NA	NA	NA	NA	NA	NA	NA	NA	NA	NA
SLC25A6	NA	NA	NA	0.702936877683384	NA	NA	NA	0.801516195727085	0.906735751295337	0.829376854599407	NA	0.862203329791002	NA	NA	NA	0.90684133915575	NA	NA	NA	0.876140808344198	0.967391304347826	NA
SLC35A2	NA	NA	NA	NA	NA	0.328571428571429	NA	NA	NA	NA	NA	NA	NA	NA	NA	NA	NA	NA	NA	NA	NA	NA
SLC38A5	NA	NA	NA	0.114754098360656	NA	NA	NA	NA	NA	0.121212121212121	NA	NA	NA	NA	NA	NA	NA	NA	NA	NA	NA	NA
SLC6A8	NA	NA	NA	NA	NA	NA	NA	NA	NA	0.666666666666667	NA	NA	NA	NA	NA	NA	NA	NA	NA	NA	NA	NA
SLC9A6	NA	NA	NA	NA	NA	NA	NA	NA	NA	0.161220043572985	NA	NA	NA	NA	NA	NA	NA	NA	NA	NA	0.263888888888889	NA
SLC9A7	0.0957446808510638	NA	0.230336778390144	NA	NA	0.239735183473376	NA	0.076271186440678	0.219572335179271	NA	NA	NA	NA	NA	NA	NA	NA	NA	NA	NA	NA	NA
SMC1A	NA	NA	0.419354838709677	0.671592775041051	0.560606060606061	0.1875	0.467532467532468	NA	NA	NA	NA	NA	0.365671641791045	NA	NA	0.5	NA	NA	0.342342342342342	0.285714285714286	0.757894736842105	NA
SMS	NA	NA	NA	NA	NA	0.228070175438596	NA	NA	NA	NA	NA	0.0746268656716418	NA	NA	NA	0.142857142857143	NA	NA	NA	NA	NA	0.206451612903226
SNX12	0.101503759398496	NA	NA	NA	NA	0.290502793296089	NA	NA	0.220640569395018	NA	NA	NA	NA	NA	NA	NA	NA	NA	NA	NA	0.168776371308017	0.215547703180212
SOWAHD	0.19047619047619	NA	NA	NA	NA	NA	0.253968253968254	0.181818181818182	NA	0.230976430976431	NA	0.146586710780259	NA	NA	NA	NA	NA	NA	NA	NA	0.525022644927536	NA
SPIN3	0.2	NA	NA	NA	NA	NA	NA	NA	0.5	NA	NA	NA	NA	NA	NA	NA	NA	NA	NA	NA	0.261363636363636	0.351470588235294
SSR4	NA	NA	NA	NA	NA	NA	0.714285714285714	NA	NA	NA	NA	NA	NA	NA	NA	NA	NA	NA	NA	NA	NA	0.3125
STK26	NA	0.176470588235294	0.145454545454545	0.24390243902439	NA	NA	0.409090909090909	NA	NA	0.259036144578313	0.333333333333333	0.0948275862068965	NA	NA	0.1171875	NA	NA	NA	NA	NA	NA	NA
STS	NA	0.432098765432099	NA	NA	0.383549783549784	0.472822681704261	0.878378378378379	NA	0.9375	NA	NA	0.430861244019139	NA	0.713793103448276	0.893121693121693	0.388888888888889	0.5375	0.341818181818182	0.8	0.952380952380952	NA	0.578822055137844
SUV39H1	NA	NA	0.25	NA	NA	NA	0.40625	NA	NA	NA	NA	0.123711340206186	NA	NA	NA	NA	NA	NA	NA	NA	NA	NA
SYAP1	0.666666666666667	0.666666666666667	NA	NA	NA	NA	NA	NA	0.571428571428571	NA	NA	0.325797872340426	NA	NA	NA	NA	0.187753036437247	NA	NA	NA	NA	NA
TAB3	NA	NA	0.43543956043956	NA	NA	NA	NA	NA	NA	0.166806722689075	0.046875	0.136923076923077	NA	NA	NA	NA	NA	NA	NA	0.274074074074074	NA	0.14
TAF9B	NA	NA	NA	NA	NA	NA	NA	NA	0.131782945736434	0.111111111111111	0.0704225352112676	NA	NA	NA	NA	NA	NA	NA	NA	NA	NA	NA
TBC1D25	NA	NA	0.226312419974391	0.142857142857143	NA	0.261363636363636	NA	NA	NA	NA	0.0714285714285714	0.100343249427918	NA	NA	NA	NA	NA	NA	NA	NA	NA	0.22877358490566
TBC1D8B	NA	NA	NA	NA	NA	NA	0.444444444444444	NA	NA	NA	NA	NA	NA	NA	NA	NA	NA	NA	NA	NA	NA	NA
TBL1X	NA	NA	0.523157894736842	0.21047619047619	NA	0.169190783225871	0.27743031616271	0.157490824157491	0.192577030812325	0.0831988705123036	0.181818181818182	NA	NA	NA	NA	NA	NA	NA	0.106060606060606	NA	0.222002635046113	0.206060606060606
TCEAL4	NA	NA	NA	NA	NA	0.169811320754717	0.164772727272727	NA	0.280645161290323	NA	0.0133333333333333	NA	NA	NA	NA	NA	NA	NA	NA	NA	NA	0.246794871794872
TCEANC	NA	NA	0.45	NA	0.266666666666667	NA	NA	NA	0.375	NA	NA	NA	NA	NA	NA	0.272727272727273	NA	NA	NA	NA	0.307692307692308	0.648809523809524
TFE3	NA	NA	NA	NA	NA	NA	0.239130434782609	0.0718562874251497	NA	NA	NA	0.112068965517241	NA	NA	NA	NA	NA	NA	NA	NA	NA	0.270491803278689
THOC2	NA	NA	NA	NA	NA	0.5	NA	NA	0.305555555555556	NA	NA	NA	NA	NA	NA	NA	NA	0.411764705882353	NA	NA	NA	0.842105263157895
TIMM17B	NA	NA	0.262172284644195	NA	NA	NA	0.335907335907336	0.0977653631284916	0.224489795918367	NA	NA	NA	NA	NA	NA	NA	NA	NA	NA	NA	0.179411764705882	0.217801047120419
TIMP1	0.123182527301092	NA	NA	NA	NA	NA	0.454545454545455	NA	0.20112517580872	NA	NA	NA	NA	NA	NA	NA	NA	NA	NA	NA	0.179487179487179	NA
TLR7	NA	NA	NA	NA	NA	0.154639175257732	NA	NA	0.247524752475248	0.105263157894737	NA	NA	0.346560846560847	NA	NA	0.179219260919143	NA	NA	NA	0.143939393939394	0.176795580110497	NA
TMEM164	NA	NA	NA	NA	NA	NA	NA	NA	NA	NA	NA	NA	NA	NA	NA	NA	NA	NA	NA	NA	0.27027027027027	NA
TMEM187	NA	NA	NA	NA	NA	0.199375696767001	NA	NA	NA	NA	NA	NA	NA	NA	NA	NA	NA	NA	0.111111111111111	NA	NA	NA
TMSB15B	NA	NA	0.638888888888889	NA	NA	0.307692307692308	0.428571428571429	NA	0.541666666666667	0.19047619047619	NA	NA	NA	NA	NA	NA	NA	NA	NA	NA	NA	0.272727272727273
TMSB4X	0.107317073170732	NA	0.295918367346939	NA	NA	0.263197881192193	0.134681921371797	0.299259259259259	0.337916666666667	0.170542635658915	0.0338983050847458	NA	NA	0.0950226244343891	0.236484045755569	NA	0.304347826086957	NA	NA	0.391891891891892	0.320754716981132	0.400806640168342
TRAPPC2	NA	0.166666666666667	NA	NA	0.31030981130682	0.200284090909091	0.584415584415584	0.166666666666667	0.261904761904762	0.0975609756097561	0.0483870967741935	0.0909090909090909	0.146562261268144	NA	NA	0.615384615384615	0.236363636363636	NA	0.261406518010291	0.614961013645224	NA	0.571428571428571
TRMT2B	NA	NA	0.183712121212121	NA	NA	0.25	NA	0.2	0.234042553191489	NA	NA	NA	NA	NA	NA	NA	NA	NA	NA	NA	0.235294117647059	NA
TSPYL2	NA	NA	NA	NA	NA	NA	0.276595744680851	NA	NA	NA	NA	NA	NA	NA	NA	NA	NA	NA	NA	NA	NA	NA
TXLNG	NA	NA	NA	NA	NA	NA	NA	NA	NA	NA	0.3125	NA	NA	NA	NA	NA	NA	NA	NA	NA	0.319018404907975	NA
UBA1	NA	NA	NA	0.341463414634146	NA	NA	0.466101694915254	NA	0.4	NA	NA	NA	NA	0.229299363057325	NA	NA	NA	NA	NA	NA	NA	1
UBE2A	NA	NA	NA	NA	NA	NA	NA	NA	0.238805970149254	NA	NA	NA	NA	NA	NA	NA	NA	NA	NA	NA	NA	NA
UBL4A	NA	NA	NA	NA	NA	NA	NA	0.0489262371615313	NA	NA	NA	NA	NA	NA	NA	NA	NA	NA	NA	NA	NA	NA
UBQLN2	NA	NA	NA	NA	NA	NA	NA	NA	0.294573643410853	NA	NA	NA	NA	NA	NA	NA	NA	NA	NA	NA	NA	NA
UPF3B	NA	NA	NA	NA	NA	NA	NA	NA	NA	0.135912698412699	NA	NA	NA	NA	NA	NA	NA	NA	NA	NA	NA	NA
UPRT	NA	NA	NA	NA	NA	NA	NA	0.0945945945945946	NA	0.0612244897959184	NA	NA	NA	NA	NA	NA	NA	NA	NA	NA	NA	NA
USP11	NA	NA	NA	NA	NA	NA	NA	NA	NA	NA	NA	NA	NA	NA	NA	NA	NA	NA	NA	NA	NA	0.337579617834395
USP9X	NA	NA	NA	0.180851063829787	0.149659863945578	0.51063829787234	0.213642213642214	0.194444444444444	NA	NA	0.0944444444444444	NA	NA	NA	NA	NA	NA	NA	NA	NA	NA	NA
UTP14A	NA	NA	NA	NA	NA	NA	NA	0.162790697674419	0.224137931034483	NA	NA	0.1375	NA	NA	NA	NA	NA	NA	NA	NA	NA	NA
VAMP7	NA	NA	NA	0.174418604651163	NA	NA	NA	NA	NA	NA	0.0350877192982456	NA	NA	NA	NA	NA	NA	NA	NA	NA	0.146341463414634	NA
VBP1	NA	NA	0.364754098360656	NA	NA	NA	NA	NA	0.250585480093677	0.125393516548966	0.00808625336927224	0.0956284153005464	NA	NA	NA	NA	NA	NA	NA	NA	0.181494661921708	NA
VMA21	NA	NA	NA	NA	NA	0.136363636363636	0.302600907864066	NA	NA	0.0952380952380952	NA	NA	NA	NA	NA	NA	NA	NA	0.160714285714286	NA	NA	0.195652173913043
WASH6P	0.326530612244898	NA	NA	0.304347826086957	NA	NA	0.284313725490196	0.333333333333333	0.205479452054795	0.648648648648649	0.84375	0.491148775894539	0.771428571428571	NA	NA	0.777777777777778	0.8	0.28	0.148936170212766	0.319148936170213	0.64	NA
WDR13	NA	NA	NA	NA	NA	0.15	NA	NA	NA	NA	NA	0.147058823529412	NA	NA	NA	NA	NA	NA	NA	NA	NA	NA
WDR44	NA	NA	NA	0.131000721723506	NA	0.188247863247863	NA	NA	NA	0.124253760423973	NA	NA	NA	NA	NA	NA	NA	NA	NA	NA	NA	0.328489108409321
WWC3	NA	NA	NA	NA	NA	0.220831140185979	NA	NA	NA	NA	NA	NA	NA	NA	NA	NA	NA	NA	NA	NA	0.166666666666667	0.385858585858586
XIAP	0.137566137566138	NA	NA	NA	NA	0.231820374557487	0.232598522167488	0.109886990993384	NA	0.141959154351396	0.0789473684210526	0.125145539458357	NA	NA	NA	NA	NA	0.269230769230769	0.119402985074627	NA	NA	0.263000964368353
XIST	0.861386138613861	NA	0.778659877605661	0.5	NA	0.708421052631579	NA	NA	0.784355650209309	0.890909090909091	NA	0.828845638966121	NA	NA	NA	NA	NA	NA	0.695652173913043	NA	0.761111111111112	NA
YIPF6	NA	NA	NA	NA	NA	NA	0.183673469387755	NA	NA	0.175	NA	NA	NA	NA	NA	NA	NA	NA	NA	NA	NA	NA
ZBED1	NA	NA	NA	0.822045157297966	NA	NA	0.585269467851839	0.849056603773585	0.822433427682484	NA	NA	0.631508916838502	0.809151588180598	NA	NA	0.831126474212611	0.844421101774043	0.909850907089233	0.83155574584146	0.833851635652508	0.755477877280608	NA
ZBTB33	NA	NA	NA	0.225806451612903	NA	NA	0.231034482758621	NA	NA	NA	NA	0.0900383141762451	NA	NA	NA	NA	NA	NA	NA	NA	0.193111236589497	NA
ZDHHC9	0.102040816326531	NA	0.285714285714286	NA	NA	0.177777777777778	0.208955223880597	NA	0.175	0.0638297872340425	NA	NA	NA	NA	NA	NA	NA	NA	NA	NA	NA	NA
ZFX	NA	NA	NA	0.63248556998557	0.263888888888889	0.723809523809524	0.649333052536173	NA	0.670833996920953	0.492045454545455	0.55	0.745170480654352	0.628021579001971	0.546656023839932	NA	0.654196535244922	NA	0.663504349108064	0.548707609594706	0.73658368029486	0.664825620815323	NA
ZMYM3	NA	NA	NA	0.137931034482759	NA	NA	NA	0.0606060606060606	0.222222222222222	0.114035087719298	NA	NA	NA	NA	NA	NA	NA	NA	NA	NA	NA	NA
ZNF275	NA	NA	NA	0.19411036036036	NA	0.216384446251619	0.276050114809913	0.212962962962963	NA	0.136613642081678	0.0535714285714286	NA	0.0540540540540541	NA	NA	NA	NA	NA	NA	NA	0.154639175257732	0.215097097097097
ZNF280C	NA	NA	NA	NA	NA	NA	NA	NA	0.182142857142857	NA	NA	0.294117647058824	NA	NA	NA	NA	NA	NA	NA	NA	0.25	0.253846153846154
ZNF41	NA	NA	NA	NA	NA	0.272727272727273	0.179487179487179	NA	NA	0.105263157894737	NA	NA	NA	NA	NA	NA	NA	NA	NA	NA	0.275	0.181853281853282
ZNF630	NA	NA	NA	NA	NA	NA	NA	NA	NA	NA	NA	NA	NA	NA	NA	NA	NA	NA	NA	NA	NA	0.25
ZNF75D	NA	NA	NA	NA	NA	0.210526315789474	NA	NA	0.190075356742023	0.117936117936118	NA	0.164689017829935	NA	NA	NA	NA	NA	NA	NA	NA	NA	0.583333333333333
ZNF81	NA	NA	NA	NA	NA	NA	0.357142857142857	NA	0.173913043478261	NA	NA	NA	NA	NA	NA	NA	NA	NA	NA	NA	NA	NA
ZRSR2	NA	0.550724637681159	0.560606060606061	NA	0.631578947368421	0.975	0.481927710843373	0.955555555555556	NA	0.326130873956961	NA	NA	0.48314606741573	0.415927419354838	0.282352941176471	NA	NA	NA	NA	NA	0.350515463917526	0.75
ZXDB	NA	NA	0.375	NA	NA	NA	NA	NA	NA	NA	NA	NA	NA	NA	NA	NA	NA	NA	NA	NA	0.19047619047619	0.4375
